TR_SNP	TR_DEL	TR_INS	NON_TR_SNP	NON_TR_DEL	NON_TR_INS
HG00096	114435	106824	59825	3320217	152525	137648
HG00097	116584	106060	59855	3331162	153587	138254
HG00099	114888	105210	59584	3327883	153200	138266
HG00100	122711	111351	59968	3338312	154752	138810
HG00101	118669	106179	59984	3326405	152888	138026
HG00102	117456	105838	59517	3313105	152897	137336
HG00103	114440	106319	59765	3319350	152468	137399
HG00104	114302	105225	59395	3310548	152358	137632
HG00105	117266	105944	59885	3329495	153195	137701
HG00106	118467	108256	59506	3332111	154209	137783
HG00107	118050	106026	59600	3295957	151619	136590
HG00108	115670	106230	59500	3304391	151782	136745
HG00109	116088	106887	60124	3321530	152758	137802
HG00110	115325	105905	59429	3294574	151389	136704
HG00111	114902	105697	59476	3298845	150989	136717
HG00112	114076	105137	59117	3308053	152277	137097
HG00113	115999	105847	59404	3311477	153011	137241
HG00114	114974	104963	59027	3293498	150744	136660
HG00115	119200	110480	59875	3327971	153617	137761
HG00116	107829	103411	58863	3277398	149348	135891
HG00117	116532	107982	59741	3289341	151875	136828
HG00118	121179	111703	59938	3338483	154523	138532
HG00119	117759	107869	59995	3323904	152761	137970
HG00120	116206	110403	60053	3321175	156002	137849
HG00121	114062	105755	59362	3299558	151781	136583
HG00122	118326	109650	59525	3329838	153786	138245
HG00123	119150	107918	60289	3336946	153265	138436
HG00125	112383	105704	59797	3319609	152817	137531
HG00126	117681	108851	59043	3316501	154003	137744
HG00127	113451	108851	59281	3298892	155904	137016
HG00128	113519	104784	59474	3321210	152770	137862
HG00129	113753	104951	59278	3307079	152295	136968
HG00130	112475	103471	59133	3326965	152476	137665
HG00131	116151	107671	60027	3319001	152664	137718
HG00132	117410	105462	59743	3316774	152849	137091
HG00133	120816	108882	60939	3342957	154644	138694
HG00134	117055	105800	59540	3326636	153187	137745
HG00135	115862	105667	59895	3316060	152467	137605
HG00136	112614	106940	59503	3301156	154937	136938
HG00137	111042	104757	59232	3283028	150978	136143
HG00138	114683	106003	59540	3322790	152735	138118
HG00139	118624	107338	59860	3326823	153822	137813
HG00140	117221	106876	59900	3318907	153020	137813
HG00141	120837	110374	60100	3336564	153790	138390
HG00142	114898	104677	59548	3328754	153043	137842
HG00143	118395	109128	59658	3330934	154053	137975
HG00145	116919	107906	59917	3323589	152782	137506
HG00146	114262	106485	59810	3313556	153244	137358
HG00148	118653	108094	59234	3335539	154388	138406
HG00149	117782	107680	59418	3326443	153185	137820
HG00150	114350	104737	59223	3317536	152492	137448
HG00151	114335	106750	59108	3302225	153131	136793
HG00152	112858	104527	58840	3292307	151167	136835
HG00154	113761	106195	59430	3297845	153235	136370
HG00155	115471	106566	59919	3322516	152926	137640
HG00156	117620	107594	59292	3340887	154136	138093
HG00157	116058	110276	60209	3329828	157359	138182
HG00158	113991	107344	59808	3326252	153278	137921
HG00159	116333	107843	60183	3315736	152449	137576
HG00160	113927	106772	60247	3308831	152155	137203
HG00171	113865	106152	59439	3311179	152728	137561
HG00173	113328	103817	59385	3313866	152046	137305
HG00174	115011	106049	59547	3318612	152737	137572
HG00176	119145	108935	59393	3337818	154358	138146
HG00177	112006	103492	58956	3281494	150800	136038
HG00178	120216	110178	60061	3326288	153748	137896
HG00179	114480	104884	59213	3329959	153780	138097
HG00180	113240	103950	59314	3316048	152235	137127
HG00181	120142	110425	59978	3356021	154958	138582
HG00182	115145	106156	59453	3317563	152887	137767
HG00183	115143	105153	59432	3329022	153249	137981
HG00185	117090	108527	59392	3330773	153917	138121
HG00186	112830	105150	59096	3307622	152371	137214
HG00187	115322	105978	59455	3325165	152880	137707
HG00188	118492	108075	59303	3319734	153326	137958
HG00189	115297	106377	59271	3312668	152226	137137
HG00190	115064	106408	59644	3327428	152965	137714
HG00231	117177	107800	59484	3316937	153255	137116
HG00232	102430	99886	57741	3166882	142937	132571
HG00233	114029	105792	59484	3328849	153311	138024
HG00234	112985	104688	59323	3324403	152482	137446
HG00235	113871	104554	59468	3319461	152710	137298
HG00236	118550	107064	59893	3324236	153960	137799
HG00237	117030	106811	59821	3331984	153516	138043
HG00238	118043	106371	59581	3333468	153814	138253
HG00239	118790	107762	59435	3324385	153549	137546
HG00240	119396	106416	59984	3337016	153456	138082
HG00242	116947	107561	59305	3318002	152780	137119
HG00243	119867	110090	59633	3328090	153513	137548
HG00244	119352	109490	59565	3330128	154471	138043
HG00245	115390	107539	59950	3325915	153554	138154
HG00246	112337	105028	59391	3310812	152128	137421
HG00249	102161	100052	57702	3176628	144481	132899
HG00250	118975	107481	59991	3325045	153231	137837
HG00251	119566	107186	59980	3329350	153232	137608
HG00252	117095	106076	59631	3308874	152710	137154
HG00253	116848	106794	60150	3337008	153855	138398
HG00254	116632	107247	59463	3327880	153444	137985
HG00255	118937	107080	60076	3330813	153296	137684
HG00256	117423	106285	60258	3325695	153519	137460
HG00257	116592	106415	59859	3335302	153495	138392
HG00258	120407	108804	60584	3335205	153875	138235
HG00259	117262	106519	60014	3338273	153831	138147
HG00260	115810	105442	59693	3305105	151961	137025
HG00261	114967	105585	59273	3310841	152495	137183
HG00262	116731	107679	60193	3323091	153529	137948
HG00263	114051	107055	59305	3298748	153334	136930
HG00264	116249	108128	59900	3319192	153545	137794
HG00265	115951	107641	59339	3307374	152890	136965
HG00266	114094	104274	59284	3335519	153739	138013
HG00267	114938	104539	59245	3315095	152284	137201
HG00268	117176	106782	59983	3328891	153495	137780
HG00269	114669	106471	59211	3303275	151958	136688
HG00270	120873	110543	59512	3327585	153973	137600
HG00271	117108	106495	60099	3350159	153901	138827
HG00272	113834	105207	59006	3295406	151418	137012
HG00273	116621	106637	59790	3330020	153301	138128
HG00274	112688	106682	59192	3307419	153124	136493
HG00275	113827	105305	59545	3300737	151502	136552
HG00276	113915	105616	59558	3314128	152028	137461
HG00277	112774	104917	59031	3286114	151712	136000
HG00278	113117	105690	59381	3315662	153642	137251
HG00280	113775	105886	59114	3309059	152364	137029
HG00281	114296	105601	59540	3325102	152055	137571
HG00282	114574	106046	59661	3329617	154486	137854
HG00284	114091	105159	59329	3313710	152579	136835
HG00285	113015	105590	59297	3302809	153353	136747
HG00288	119223	107304	59547	3320282	152949	137566
HG00290	119094	107744	59729	3321015	153416	138013
HG00302	110584	106301	59379	3307483	152178	136826
HG00303	108012	104528	59395	3316455	152062	137514
HG00304	110162	105730	59482	3324071	152349	137952
HG00306	113814	105017	59186	3313089	152256	137807
HG00308	112163	105865	58892	3300610	151150	136831
HG00309	115059	105497	59767	3326301	153236	137787
HG00310	114335	105565	59379	3307975	151753	136859
HG00311	112962	104959	59034	3288040	151297	136670
HG00312	112785	104147	59251	3302093	151976	136745
HG00313	111839	105519	59410	3296780	152353	136581
HG00315	112310	105076	59783	3309559	152006	137176
HG00318	110989	105824	59372	3288371	151702	136163
HG00319	112140	106082	59851	3318190	154194	137577
HG00320	112157	105657	59496	3292204	151640	136839
HG00321	114038	108984	59538	3307341	154509	137272
HG00323	112544	105712	59623	3315208	153529	137228
HG00324	114132	105257	59068	3289748	151007	136030
HG00325	114796	105975	59565	3299201	152084	136905
HG00326	113992	105113	59639	3320819	152959	137687
HG00327	112423	105630	59581	3309813	152802	137200
HG00328	113504	105510	59425	3294782	151064	136590
HG00329	115857	106523	59727	3319287	152612	137574
HG00330	114669	106492	59660	3328533	153141	138153
HG00331	115312	105957	59317	3317629	152418	137666
HG00332	114601	105906	59870	3330392	153255	137946
HG00334	115741	106304	59905	3333723	153100	138126
HG00335	118722	106919	60212	3341145	154001	138289
HG00336	113143	105966	59469	3321062	152494	137367
HG00337	118621	106912	60176	3333677	153989	138052
HG00338	112100	104665	59353	3298521	152207	136971
HG00339	112537	105423	59374	3308107	152751	137147
HG00341	115602	106344	59702	3335729	153486	137831
HG00342	116198	106672	59754	3310263	152751	137331
HG00343	111846	105374	59576	3316095	152884	137196
HG00344	111647	105720	59350	3296498	153028	136940
HG00345	118045	106840	59674	3328563	153803	138292
HG00346	117280	105995	59763	3301898	152184	137015
HG00349	113936	105168	59640	3320871	152259	137638
HG00350	113017	104205	59291	3317617	152457	137534
HG00351	111195	103385	59312	3318639	152120	137113
HG00353	118476	107003	59961	3324111	152981	137960
HG00355	112330	104559	59541	3322019	153192	137771
HG00356	115454	105794	59626	3327989	153287	137652
HG00357	112297	103996	59170	3297524	151508	136641
HG00358	114231	104970	59412	3327757	152990	137689
HG00359	117152	106302	60040	3325010	153469	138000
HG00360	118650	106567	60038	3335041	153671	137935
HG00361	115422	106356	59277	3310230	152233	137195
HG00362	118065	105969	59799	3312838	152890	137227
HG00364	118761	106367	59961	3324891	153605	137645
HG00365	118488	106404	59851	3340652	154274	138999
HG00366	113952	106302	59325	3309626	152981	137346
HG00367	112982	105560	59134	3323601	153100	137727
HG00368	118065	109751	59853	3330723	153736	138370
HG00369	116182	105959	59297	3318204	152544	137709
HG00371	118209	106165	59964	3323351	153382	137867
HG00372	113075	104879	59164	3296806	152020	136327
HG00373	111630	104585	59077	3301254	151938	136735
HG00375	113897	105154	59558	3308644	152017	136954
HG00376	115957	105965	59770	3328352	153042	137784
HG00377	89562	92899	53745	2929621	128830	122499
HG00378	116439	106131	59908	3319977	152958	137561
HG00379	116823	105377	59433	3301979	152458	136905
HG00380	112107	106173	59073	3318030	151870	137385
HG00381	115901	106037	59508	3305536	152195	136823
HG00382	114878	105718	59617	3308248	152280	137172
HG00383	114798	105887	59780	3318503	152319	137196
HG00384	118285	106130	59760	3313955	152517	137302
HG00403	111863	104669	59557	3308375	154042	137750
HG00404	115085	105736	59754	3323142	153716	138046
HG00406	114010	105893	59778	3315836	152708	137423
HG00407	114617	105783	60208	3333595	152965	138131
HG00409	119607	109631	60833	3338838	153806	138588
HG00410	121141	110163	61108	3354077	154738	139051
HG00419	117713	107800	60495	3341770	154269	138660
HG00421	116249	106450	60075	3311631	152902	137553
HG00422	117970	107186	60278	3333907	154063	137967
HG00428	117601	106567	60394	3318204	153149	137524
HG00436	112443	106934	59870	3306047	154991	137022
HG00437	118364	107116	60426	3340470	154449	138435
HG00442	118689	107371	60343	3328448	153410	137810
HG00443	117895	107166	60122	3334041	153797	138554
HG00445	116969	106725	60621	3342230	154117	139145
HG00446	117001	106827	60410	3331904	153773	138152
HG00448	117021	106434	60105	3333441	153021	138382
HG00449	115558	107150	60179	3322952	153286	138092
HG00451	115612	106161	60175	3321288	153379	137960
HG00452	115698	106595	60508	3344518	153679	138412
HG00457	115779	106736	60460	3347896	154621	139159
HG00458	116217	106538	60082	3331502	153484	138049
HG00463	113588	105965	59666	3315500	151883	137569
HG00464	114458	105856	59836	3323905	152464	138285
HG00472	116610	106729	60461	3331577	153506	138269
HG00473	116986	107302	60709	3350995	154168	138939
HG00475	116705	106433	60503	3330488	153080	138082
HG00476	115446	106448	60172	3328010	152416	137636
HG00478	115154	105993	60337	3316792	152863	136942
HG00479	116165	106738	60563	3331766	153475	137812
HG00500	112575	104496	59759	3312065	152364	137771
HG00513	112717	106565	59700	3304917	153403	137261
HG00524	112400	106450	60087	3321993	153275	137687
HG00525	115885	106274	60260	3315227	152122	137483
HG00530	103886	101126	58709	3203320	145696	134254
HG00531	104666	101808	58911	3220916	146964	134403
HG00533	114076	105439	59827	3305419	152108	137452
HG00534	115059	105977	60075	3336698	152782	138249
HG00536	119041	107856	60647	3340862	154441	138355
HG00537	113895	106509	60020	3311318	153324	137584
HG00542	103367	100771	58484	3195045	145221	133517
HG00543	117745	107090	60430	3336498	153457	138605
HG00551	119655	108802	60628	3437821	158167	142045
HG00553	120524	109319	60593	3521831	162499	144998
HG00554	119118	107398	60139	3429919	157872	141832
HG00556	115019	106138	59975	3314232	152374	137306
HG00557	116012	106494	60314	3336229	153049	138111
HG00559	114252	104927	59553	3312166	152183	137538
HG00560	113016	104367	59402	3303498	151364	137409
HG00565	113570	104869	59679	3315044	152414	137581
HG00566	113308	103855	59303	3300523	151580	137207
HG00580	113766	105650	60005	3318371	152392	137613
HG00581	114951	105802	60138	3305954	151493	136663
HG00583	115177	106811	60046	3313272	152252	137341
HG00584	114969	106165	60107	3323015	152090	137705
HG00589	113241	105230	59763	3300687	151592	136901
HG00590	112844	105398	59956	3303935	151992	137384
HG00592	112855	103490	60048	3309012	152081	137594
