TR_SNP	TR_DEL	TR_INS	NON_TR_SNP	NON_TR_DEL	NON_TR_INS
HG03268	136480	116415	62217	4067084	188063	165172
HG03270	136475	116232	62198	4084867	188444	166141
HG03271	136783	116162	62215	4072477	188050	165408
HG03279	137956	116527	62333	4087850	188916	166236
HG03280	137758	117172	62196	4095349	188794	166061
HG03291	135544	115621	62114	4071890	188475	165573
HG03294	134862	115486	61850	4055263	187060	164580
HG03295	138597	117103	62228	4080106	187971	165947
HG03297	138280	114373	63039	4078223	188638	166128
HG03298	139241	114738	63058	4083778	189030	166468
HG03300	135371	115686	61992	4057315	187723	165041
HG03301	138554	117235	62503	4084288	188321	165862
HG03303	138424	114337	62911	4066999	188273	164952
HG03304	139307	115174	63193	4078810	188753	165846
HG03311	133212	113576	62193	4051743	186371	164652
HG03313	133517	114148	62221	4050536	186764	164581
HG03342	138786	117201	62494	4086977	189376	165681
HG03343	134501	115000	61622	4055353	187104	165124
HG03351	135291	114406	62285	4064790	187452	165199
HG03352	133812	114506	62458	4071022	188064	165072
HG03354	137407	114379	62837	4076538	188096	165881
HG03363	132945	113238	62402	4052953	186546	164718
HG03366	134914	115242	61817	4080726	188191	165880
HG03367	137467	116672	62171	4092961	188821	166194
HG03369	137261	116256	62347	4072763	187772	164977
HG03370	138290	117161	62248	4075574	187333	165804
HG03372	134341	114308	62303	4064928	187687	165195
HG03376	135990	115748	61994	4092824	189046	166177
HG03378	140891	115554	63087	4130015	190729	167524
HG03380	137005	116300	62320	4114051	189883	167489
HG03382	139661	115519	63136	4122351	190205	167058
HG03385	136405	116014	62106	4090106	188789	166360
HG03388	139512	118015	62966	4124478	190738	167777
HG03391	142526	119592	62838	4129813	191622	167709
HG03393	135376	115266	62550	4095784	188114	165930
HG03394	135927	114904	62922	4118026	189911	167094
HG03397	144226	118460	64245	4126639	190943	167554
HG03398	128415	111208	62000	4014979	183592	163835
HG03401	139537	117500	62572	4117202	189707	166865
HG03410	137182	116535	61951	4103700	190171	166786
HG03419	137311	116619	62221	4116943	189770	167296
HG03428	138889	117690	62735	4113080	189741	167054
HG03431	135834	115551	61959	4105761	188928	166918
HG03432	134513	114450	62455	4102018	188583	166604
HG03433	139940	117929	62820	4110876	190064	167042
HG03436	134598	114848	61987	4104253	188408	166421
HG03437	137153	116604	62017	4099788	188557	166447
HG03439	139080	117470	62487	4111801	189612	167141
HG03442	138688	117673	62629	4112850	190799	167555
HG03445	140093	118076	62536	4139879	191492	167856
HG03446	139165	117370	62059	4100003	189361	166426
HG03449	134895	115094	61963	4101731	189607	166463
HG03451	143940	118522	64170	4126853	191216	168044
HG03452	144354	118429	64087	4124368	191384	167529
HG03455	138147	116985	62177	4121686	190077	167201
HG03457	135613	114894	63016	4103899	188390	166413
HG03458	139493	117877	62474	4132555	191211	167332
HG03460	139355	117178	62728	4123774	190285	166664
HG03461	138950	117557	62182	4114982	189707	166764
HG03462	134704	114589	62420	4111174	189432	166793
HG03464	143341	118507	64080	4135100	191457	168422
HG03469	140595	116653	63239	4138008	191119	168332
HG03470	140028	118483	62419	4140093	191389	167659
HG03472	142569	118394	63549	4110512	190685	167235
HG03473	138114	117090	62375	4120480	189710	167065
HG03476	139731	118099	62507	4130439	191306	167984
HG03478	137328	117413	62064	4118877	190127	167197
HG03479	138962	118128	62320	4117640	190821	167430
HG03484	138239	117345	62216	4128758	191688	167338
HG03485	139257	117268	62137	4126438	190533	167350
HG03488	115731	109982	60075	3408174	156732	140863
HG03490	115024	108641	59430	3350975	153988	139054
HG03491	114470	108880	60218	3419413	157050	141456
HG03499	137365	115646	62971	4077609	188627	165674
HG03511	138310	116439	62631	4080888	188729	166128
HG03514	138137	116725	62604	4087814	188111	165657
HG03515	137433	116699	62321	4077458	188436	165621
HG03517	137635	115426	62671	4075955	188228	165866
HG03518	139596	116853	63525	4101167	189434	166782
HG03520	143223	116647	62583	4090647	189413	166097
HG03521	139671	115584	62174	4062755	187386	164894
HG03538	134768	115472	61802	4048757	187144	164848
HG03539	135519	116395	62230	4041157	186847	164583
HG03547	138480	117030	62294	4131491	190590	167339
HG03548	138081	116585	62131	4133546	190605	167484
HG03549	139305	116619	63250	4127485	190763	167778
HG03556	137178	116505	62232	4110534	189088	166710
HG03557	137855	116973	62133	4102295	188806	166594
HG03558	139960	116804	63574	4136498	191351	167933
HG03559	139681	117538	62197	4122923	190286	167555
HG03563	140196	117671	62227	4117863	189700	166876
HG03565	136830	116575	62181	4112623	189282	167052
HG03567	139811	116796	63289	4140726	190844	167765
HG03571	136580	115991	61891	4099343	188682	166529
HG03572	136925	116046	62099	4117473	189891	166360
HG03575	135922	115182	61795	4105973	189415	166760
HG03577	139241	117075	62159	4117484	189951	166972
HG03578	133753	114126	61895	4095602	188225	166267
HG03583	138411	116879	62178	4126390	190712	167263
HG03585	116442	110167	60533	3413595	157428	141161
HG03589	114976	109149	60184	3398132	156091	140217
HG03593	114742	109484	60163	3411245	156740	141181
HG03594	118288	111708	60834	3415600	157842	141499
HG03595	118926	111379	60805	3422292	157768	141240
HG03598	115686	109684	60082	3421175	157096	141360
HG03600	118204	107944	61225	3413580	156972	140945
HG03603	116452	107692	61148	3418094	156344	140911
HG03604	115520	107542	60637	3413325	157233	141534
HG03607	119301	111493	60864	3425623	157669	141111
HG03611	118666	108436	61190	3423179	157521	141231
HG03615	119240	109917	61305	3404134	156758	140555
HG03616	124622	112046	62416	3443761	159092	142504
HG03619	118356	108584	60883	3365658	154827	139671
HG03624	115304	108413	60385	3398023	155897	140221
HG03625	113485	106618	59243	3291593	151566	136345
HG03629	119965	108935	60403	3416330	157563	141271
HG03631	120353	108611	60417	3409493	156869	140803
HG03634	117068	107964	60855	3407884	156845	140609
HG03636	112907	107968	60345	3387429	155353	139916
HG03640	116594	108780	60612	3401992	156789	140912
HG03642	121671	111359	61882	3433310	158441	142181
HG03643	120775	110496	61477	3410255	157498	140958
HG03644	122269	111990	62120	3446092	160691	143655
HG03645	114708	108918	60139	3400747	155921	140400
HG03646	115215	109432	60090	3398056	156426	140517
HG03649	117885	109420	61118	3428495	157230	141158
HG03652	116441	109078	60699	3414792	157309	141174
HG03653	117271	109078	61055	3426173	158128	141510
HG03660	120186	108537	60208	3396668	156493	140976
HG03663	121646	108965	60585	3401097	156782	140870
HG03667	116850	107056	60185	3391094	155889	140065
HG03668	117455	107917	61190	3423494	156806	141148
HG03672	114485	108900	59962	3373734	154241	139737
HG03673	121076	110648	61540	3421235	157213	141657
HG03679	121408	110493	61113	3406824	157571	140721
HG03680	120318	110772	61301	3416583	157873	141147
HG03681	120346	110416	61377	3398676	156920	140440
HG03684	122632	111437	61920	3425951	158142	141743
HG03685	119719	110625	61265	3417116	157406	141591
HG03686	114390	108727	60143	3401458	156239	140268
HG03687	116116	109550	59783	3375040	155171	139424
HG03689	115759	109367	59768	3383128	155751	140167
HG03690	111651	106637	58799	3310964	151913	137354
HG03691	113788	108863	60183	3393769	156016	140090
HG03692	120741	110631	61298	3394400	157300	140505
HG03693	120533	110777	61692	3427110	158193	141490
HG03694	115779	109875	60129	3418458	156895	141589
HG03695	114542	108582	59685	3373452	155306	139164
HG03696	111394	105819	57569	3253604	148899	134660
HG03697	117339	110523	60214	3417010	157126	141270
HG03698	114806	108870	60285	3406535	156494	140968
HG03702	118188	108391	61315	3422420	157263	141298
HG03703	117340	108777	61207	3409143	156770	140733
HG03705	112666	107732	60343	3402455	156100	140233
HG03706	112539	107489	60054	3399391	156104	140108
HG03708	116545	108619	61081	3400542	156980	140960
HG03709	118164	108176	61142	3419389	157496	141472
HG03711	114214	108621	59570	3368434	154677	139344
HG03713	121542	111013	61538	3424965	158159	141762
HG03714	119537	110254	61639	3427050	158045	141806
HG03716	120836	111066	61769	3426642	158565	142145
HG03717	119374	109912	61015	3402705	156843	141109
HG03718	113237	108195	59581	3381781	155385	140065
HG03720	115302	109376	59981	3399875	156177	140314
HG03722	120445	110194	60864	3360919	155284	139186
HG03727	123750	111853	61996	3415392	157590	141642
HG03729	119804	110431	61442	3421538	157669	141725
HG03730	118923	109833	61254	3413936	157137	141117
HG03731	119950	110560	61443	3414048	157386	141280
HG03733	113588	108001	59320	3348822	153746	138639
HG03736	116020	109427	60210	3407113	156449	140777
HG03738	114657	108872	59618	3354689	154153	138489
HG03740	118152	108402	60339	3335230	154085	138297
HG03741	120991	110020	61267	3372019	155837	139888
HG03742	117613	110661	60271	3410398	157150	140825
HG03743	119971	109970	61362	3396117	156695	140742
HG03744	116717	110448	60545	3425582	157079	141629
HG03745	114355	108274	60004	3380392	155254	139839
HG03746	122056	111163	61814	3419668	158100	141627
HG03750	117476	109225	61048	3392615	156602	140574
HG03752	114742	108509	59478	3349965	153966	138506
HG03753	116770	109935	60325	3424855	157989	141678
HG03754	122841	111678	61751	3421084	158678	141627
HG03755	118884	111194	60537	3418425	157689	141444
HG03756	119587	109545	61241	3374215	155949	139718
HG03757	122161	111797	61879	3446652	158820	142641
HG03760	117149	110136	60357	3417882	157449	141338
HG03762	112731	107852	60498	3407364	156791	140643
HG03765	112264	107894	60561	3399029	156063	140579
HG03767	112182	107246	60029	3366052	154617	139318
HG03770	121013	110320	61410	3404478	157559	141034
HG03771	121473	111060	61624	3435669	158066	142037
HG03772	118529	109688	61087	3383912	155966	140029
HG03773	118969	109857	60913	3369450	155346	139953
HG03774	112060	107159	60438	3390695	155405	140004
HG03775	120929	110623	61351	3403693	156983	141270
HG03777	114992	109221	60141	3396873	156085	140391
HG03778	115112	107250	60512	3393190	155071	140199
HG03779	118320	111388	60812	3424377	157646	141105
HG03780	115017	108965	59936	3407471	156747	140530
HG03781	120960	110876	61608	3435202	158725	142464
HG03782	115590	109487	60266	3423267	157552	141004
HG03784	118442	109927	60944	3383855	155979	139916
HG03785	114625	108777	59703	3378110	155229	139559
HG03786	119924	109966	60971	3381648	156186	139840
HG03787	121209	110807	61597	3425267	157888	142069
HG03788	121294	110496	61510	3401189	157065	141116
HG03789	119996	110714	61567	3418300	157909	141605
HG03790	114851	109164	59998	3391165	155709	140342
HG03792	114011	108325	59655	3376793	155235	139275
HG03793	118410	110152	61545	3413803	157314	141174
HG03796	122649	112281	62566	3455021	159821	143224
HG03800	119902	111044	61832	3439650	158776	142133
HG03802	119945	110355	61578	3417137	157941	141454
HG03803	120413	110105	61625	3423921	158093	141821
HG03805	111988	107977	60016	3394180	155589	140722
HG03808	115675	110065	60518	3405362	157054	141087
HG03809	115331	109505	60784	3409215	156873	140807
HG03812	115317	109477	60094	3400476	156629	140615
HG03814	119290	112060	60375	3404746	157270	140603
HG03815	118890	110435	61619	3416163	157602	141410
HG03817	113541	108617	59604	3375769	155437	139746
HG03821	112007	107463	60623	3402624	156279	140286
HG03823	116538	110295	60512	3414137	156939	140776
HG03824	118677	111584	60544	3415376	157257	141207
HG03826	118001	111037	60627	3417620	157497	141707
HG03829	117648	110426	60069	3385624	155841	140143
HG03830	117269	110404	60326	3413137	157439	141157
HG03832	115887	110107	60478	3416773	157458	141583
HG03833	113765	108136	60245	3398571	156661	140957
HG03836	114951	109111	59503	3363714	154849	139486
HG03837	111532	106258	58015	3277416	150132	136028
HG03838	121668	110245	61639	3400836	157050	140859
HG03844	119534	110065	61018	3390609	156529	140498
HG03846	114994	109784	59893	3401814	156741	141163
HG03848	114982	109985	60282	3415138	157522	140671
HG03849	121394	110835	61444	3421944	158339	141723
HG03850	114079	108219	60244	3388923	156066	140384
HG03851	114701	109130	59938	3410003	157179	140780
HG03854	115519	106658	60089	3365033	154542	139753
HG03856	114299	109216	59704	3388285	156141	139600
HG03857	119578	109274	61250	3416006	157171	140861
HG03858	117762	108610	60285	3352547	154550	139017
HG03861	117567	110109	59993	3391742	155760	140394
HG03862	117449	107959	59772	3307576	152494	137410
HG03863	115988	109751	60190	3416656	157381	141215
HG03864	121771	111232	61435	3410857	157654	141261
HG03866	113683	108063	60376	3397197	156076	140423
HG03867	114179	108667	59433	3367475	155014	139559
HG03868	118990	108368	60105	3393825	155794	140126
HG03869	120360	110224	61664	3421372	157418	141505
HG03870	114070	108485	59962	3406804	156371	140787
HG03871	119912	108967	60459	3401990	156678	140694
HG03872	115040	109263	59727	3411887	156793	140871
HG03873	117626	110615	60259	3420074	157430	141083
