TR_SNP	TR_DEL	TR_INS	NON_TR_SNP	NON_TR_DEL	NON_TR_INS
HG00593	119474	109597	60341	3333253	154098	138370
HG00595	115978	107074	59667	3321848	152894	137943
HG00596	111523	103883	59377	3293265	151531	136736
HG00598	119570	109843	60917	3339843	154619	138612
HG00599	119690	109832	61142	3340230	154420	138732
HG00607	112217	104811	59850	3304195	151307	137336
HG00608	112712	105411	59914	3313165	151780	137735
HG00610	113577	104727	59529	3311191	152488	137911
HG00611	112214	104640	59728	3301885	151706	137422
HG00613	114425	105866	60029	3311900	151975	137539
HG00614	113132	105253	60172	3325371	152561	137308
HG00619	113241	105045	59624	3298548	151575	137174
HG00620	112981	105246	59882	3312489	151755	137950
HG00622	120585	110260	61086	3353345	154569	138825
HG00623	121489	110254	61210	3342210	154960	138737
HG00625	110880	104216	59575	3297076	152344	137143
HG00626	113379	105072	59500	3307041	152497	137366
HG00628	112833	104854	59656	3311013	153362	137683
HG00629	114044	104571	59405	3306976	152315	137227
HG00631	120088	109912	60879	3340270	154543	138413
HG00632	118148	108955	60615	3322056	153229	138368
HG00634	112418	104783	59640	3302542	151126	137161
HG00637	120210	108514	60510	3492419	160822	144137
HG00638	121840	108969	60815	3532086	162325	144910
HG00640	119297	107419	59905	3404511	156096	140397
HG00641	116650	107941	60994	3419274	157355	141490
HG00650	113343	105503	59766	3309556	151887	137525
HG00651	112637	105526	59871	3311138	151938	137473
HG00653	114773	105683	59710	3313720	151955	137049
HG00654	113899	105585	60040	3309804	151662	137659
HG00656	115018	106136	60123	3324480	152320	138155
HG00657	115009	106987	60408	3322237	152399	138026
HG00662	114336	106116	59940	3307927	151817	136964
HG00663	114774	106419	60161	3316880	152372	137812
HG00671	115978	107045	60154	3325671	153085	137723
HG00672	114182	106809	59945	3312976	151986	137830
HG00674	119870	109811	60991	3341928	154298	138904
HG00675	120218	110163	61306	3355413	155211	139543
HG00683	113826	105916	59797	3312742	152216	137141
HG00684	114401	105366	60025	3320390	152562	138166
HG00689	113904	105385	59687	3318604	152411	137783
HG00690	113520	105104	59797	3305191	151545	137288
HG00692	114995	106004	59987	3319711	152194	137784
HG00693	114391	106218	59849	3313995	152097	137456
HG00698	113495	105628	59780	3317281	152201	137426
HG00699	113991	105576	59850	3312745	151817	137654
HG00701	113191	105880	60237	3321561	152415	137610
HG00704	114404	106223	59903	3307565	151789	137302
HG00705	114429	105962	59826	3305808	151788	137167
HG00707	113994	105760	59520	3292436	151081	136897
HG00708	115197	105850	60048	3323504	152668	138022
HG00717	112910	106833	59811	3314291	152349	137120
HG00728	119233	109818	60771	3333368	154468	138900
HG00729	120329	110232	60985	3342050	154522	138532
HG00731	126073	111198	61860	3404365	157433	141058
HG00732	127613	111649	62362	3421915	158551	141926
HG00734	122801	110504	61889	3457999	160110	143050
HG00736	118282	108239	60880	3400208	156245	140489
HG00737	120680	109522	61419	3439052	159110	142387
HG00739	120282	109272	60581	3411114	157332	140285
HG00740	119383	110133	61579	3487308	161019	144132
HG00742	114064	107614	60259	3401547	156191	140382
HG00743	115983	108858	60674	3450279	158785	142377
HG00759	117444	106910	60311	3330008	153036	138453
HG00766	116947	106719	60377	3325546	153192	138260
HG00844	118519	106979	60502	3348053	154358	138249
HG00851	118383	106443	60375	3318135	152747	137631
HG00864	112530	106826	60234	3313182	152237	137778
HG00867	116125	106200	60153	3340310	153688	138575
HG00879	113128	105519	59889	3309671	151588	137367
HG00881	117241	106937	60520	3343590	153826	138294
HG00956	116403	106656	60517	3343493	154582	138530
HG00978	115123	106578	60079	3332257	153061	138148
HG00982	115797	106594	60084	3342659	153605	138657
HG01028	116065	106809	60242	3338287	153571	138638
HG01029	115560	106334	60066	3330007	153167	137545
HG01031	115158	106305	60078	3335490	152725	138151
HG01046	114494	105696	59892	3312224	152082	137481
HG01047	119581	109305	61481	3421785	157583	141783
HG01048	121319	109783	61311	3460018	159533	142942
HG01049	123672	112545	62388	3600164	166949	148301
HG01051	122555	109535	61432	3559249	163555	146328
HG01052	124299	109989	61871	3565991	163627	146839
HG01054	118712	109251	60884	3429211	157836	141948
HG01055	119442	109530	61448	3490222	160667	144265
HG01058	112229	106823	60414	3466276	158957	142512
HG01060	118648	107127	60309	3429217	157201	140882
HG01061	118818	107663	60626	3415202	157190	140820
HG01063	123033	111967	62359	3695948	170272	151136
HG01064	117444	108844	61074	3521568	162270	145419
HG01066	117721	108331	61157	3421479	157278	141319
HG01067	117572	107702	61141	3431083	157653	142315
HG01069	121116	108656	60864	3457362	158604	142616
HG01070	119474	108534	60801	3414445	156967	141133
HG01072	119225	107519	60434	3417343	156691	141453
HG01073	119245	107717	60385	3405042	157187	140727
HG01075	124436	111235	62222	3444973	160164	142843
HG01077	120068	110766	61625	3568826	164423	146803
HG01079	122447	110481	61802	3522055	162080	144687
HG01080	119257	109310	61491	3459390	159437	142596
HG01082	121026	108635	61269	3546032	162640	146553
HG01083	118878	107714	60771	3444859	158032	141979
HG01085	121224	109000	61297	3487544	160631	143739
HG01086	121593	108687	61027	3479080	159961	143487
HG01088	118962	111098	60723	3544601	163545	145670
HG01089	118485	110827	60478	3519697	161755	145099
HG01092	121825	111767	62003	3610747	166138	148026
HG01094	120815	110007	61113	3495314	160738	143856
HG01095	123902	111392	61278	3472455	160526	143543
HG01097	117435	108279	60691	3428545	157629	141672
HG01098	117889	108078	60425	3441840	158417	141790
HG01101	125939	111831	62414	3500082	161910	144115
HG01102	120832	109386	61728	3519616	161855	144733
HG01104	120546	109020	61495	3448191	159019	142262
HG01105	118439	107917	60845	3422068	157497	141688
HG01107	123545	110661	61550	3589247	165395	147446
HG01108	131794	114160	63080	3899932	179646	159293
HG01110	121090	109388	61105	3477960	160042	143453
HG01111	121326	109348	61109	3477364	159764	143346
HG01112	115971	106689	59815	3340770	153604	138465
HG01113	115922	108127	60430	3380692	155808	139675
HG01119	115889	106323	60430	3377716	155039	139652
HG01121	116800	109931	60524	3413795	157324	140785
HG01122	120743	111044	60739	3439262	158634	142244
HG01124	126688	110467	61461	3531513	162473	145377
HG01125	125052	108794	61034	3486658	160668	143921
HG01130	118090	108256	60960	3442365	158087	141959
HG01131	118362	108378	61079	3429507	157822	141575
HG01133	121352	111113	60534	3382764	156317	140561
HG01134	120817	110418	60715	3472503	160055	143159
HG01136	123943	112216	61075	3481498	160995	143679
HG01137	118603	106971	59841	3380560	155595	139907
HG01139	122295	112657	61263	3540470	162985	145536
HG01140	122298	111375	60540	3415625	157486	141243
HG01142	123114	110398	62498	3567856	164641	146998
HG01148	113433	106564	59553	3342640	153413	138694
HG01149	118650	109829	60289	3450653	158201	142018
HG01161	118527	109605	60988	3523379	161608	144941
HG01162	115862	108886	60958	3463234	159221	143044
HG01164	115741	108687	60145	3436470	158006	141678
HG01167	130383	114353	63535	3590613	166537	147874
HG01168	115193	107686	60724	3369878	157388	139418
HG01170	119077	108426	60895	3462252	160100	143463
HG01171	120605	109011	61266	3530669	162047	145747
HG01173	117486	107678	60514	3405205	156707	140926
HG01174	116740	107490	60482	3387727	155714	140387
HG01176	126174	113722	62591	3474776	161644	143819
HG01177	120134	109579	60591	3419830	157233	141161
HG01182	119609	112796	61468	3491257	174136	143790
HG01183	120417	112963	61318	3479827	167306	143727
HG01187	123615	114793	62014	3528587	172895	145633
HG01188	126442	114018	62755	3593133	169003	147979
HG01190	123460	112125	62118	3531593	162851	145514
HG01191	120135	110156	61681	3446702	159154	142573
HG01197	118738	109633	61231	3415837	157689	141443
HG01198	121059	109979	61240	3495005	161322	144423
HG01200	112262	107148	59781	3372758	154947	139366
HG01204	119511	109741	61623	3464499	159605	143094
HG01205	125375	112449	62363	3505903	161722	144643
HG01241	141273	120872	64836	3968778	185454	161820
HG01242	129711	115080	63160	3822045	176438	156184
HG01247	123791	111627	61796	3555701	163554	146012
HG01248	121517	110824	61332	3491226	161311	143942
HG01250	118494	109427	60799	3438340	159144	141926
HG01251	116721	111898	60317	3379147	161509	139738
HG01253	116611	107798	60643	3417396	157393	141083
HG01254	120637	110308	61440	3532899	163787	145439
HG01256	119084	107425	60201	3377084	155551	139314
HG01257	120393	107709	60802	3385004	156113	139698
HG01259	119842	107272	60340	3370610	155114	139072
HG01260	123990	110063	61601	3516118	162392	145098
HG01269	115837	107063	60362	3418104	157237	141192
HG01271	116007	106937	61042	3453274	158783	142365
HG01272	120392	108320	61718	3557093	163788	146738
HG01275	113187	104005	58682	3282221	150916	136244
HG01277	114587	105270	59717	3347845	153771	138598
HG01280	117423	107850	60751	3397521	155951	140768
HG01281	116191	107137	60117	3395840	156093	140159
HG01284	118887	108416	60927	3427606	157954	141472
HG01286	118094	109520	60899	3570219	163821	146715
HG01302	118021	110437	60199	3475158	160084	142969
HG01303	118405	110013	60002	3459865	159381	142583
HG01305	116714	109209	61209	3520909	161820	144545
HG01308	119837	110779	61674	3591271	165907	147701
HG01311	116573	109487	60078	3435077	157525	141611
HG01312	117238	109908	60529	3473107	159984	143421
HG01323	117328	110441	60212	3470801	159782	143587
HG01325	117767	109794	60114	3474002	159691	143198
HG01326	117418	109866	60477	3477051	160681	143560
HG01334	114282	105545	59718	3310512	152143	137150
HG01341	118296	109191	60983	3376260	154702	139264
HG01342	127320	113522	63055	3721373	171763	152801
HG01344	114416	105985	60012	3371590	154478	139158
HG01345	117402	106800	60646	3431870	157728	141865
HG01348	116651	106856	60423	3377391	155527	139897
HG01350	117408	107691	60599	3403520	156375	140485
HG01351	116190	106725	60051	3352637	153725	138852
HG01353	116109	107107	60253	3385660	155501	139628
HG01354	114835	105766	59835	3340853	153787	138333
HG01356	116608	108304	60641	3428754	157830	141132
HG01357	114937	106999	59893	3354499	154436	138347
HG01359	117190	108941	61409	3402034	157012	141090
HG01360	117944	108317	60942	3428215	158206	141745
HG01362	121749	112427	61143	3514934	162030	144701
HG01363	119953	111092	60968	3541491	163807	145896
HG01365	119754	108890	61275	3499986	160770	143730
HG01366	118843	108325	61158	3451597	158755	142432
HG01369	119613	108508	61084	3461585	159854	143274
HG01372	118650	108530	61258	3406109	156979	141115
HG01374	114880	106479	60147	3364612	154209	139575
HG01375	120599	109171	61351	3493986	159982	144565
HG01377	119026	109468	61223	3469326	159134	143244
HG01378	115134	107636	60007	3359105	154664	139053
HG01383	115541	107326	60146	3371676	155080	139188
HG01384	116862	108391	60364	3411723	156610	140773
HG01389	114759	106335	59640	3333632	152808	138082
HG01390	123651	110352	61656	3609273	165670	148410
HG01392	122452	110116	61573	3519559	161862	144663
HG01393	120756	109887	61859	3567631	164150	146769
HG01395	117825	107214	60449	3411994	157231	140742
HG01396	121144	109345	61308	3542507	162517	146193
HG01398	115104	108062	59952	3454599	158336	142057
HG01402	121821	109300	61363	3539249	162944	145610
HG01403	118935	108098	61091	3520585	161300	144790
HG01405	124953	110377	60800	3473578	160852	143526
HG01412	123650	110266	60938	3466059	159728	143062
HG01413	120167	108032	61020	3486386	160164	143910
HG01414	120361	108876	61222	3501870	161082	144076
HG01431	119709	111293	60622	3491651	160965	143617
HG01432	115720	108749	59370	3358000	154421	138462
HG01435	118283	107925	61099	3415753	156874	140795
HG01437	114451	107868	60301	3353309	157822	138784
HG01438	115795	107506	60299	3314934	152367	137439
HG01440	122442	110178	61736	3544454	163448	146349
HG01441	116257	107798	60809	3379254	154975	139634
HG01443	114563	108862	59999	3384963	156188	140025
HG01444	114776	108540	60127	3449969	158767	142537
HG01447	117738	108522	60897	3445853	158594	142342
HG01455	115743	108335	60482	3390430	156912	140121
HG01456	117519	108750	60962	3426414	157512	141819
HG01459	118020	107892	60988	3416769	157838	141008
HG01461	121854	111013	62178	3525889	162966	146018
HG01462	125160	112008	62577	3629435	167046	149228
HG01464	126799	112407	62821	3574361	164505	147167
HG01465	116344	107693	60530	3354359	154510	139068
HG01468	109742	105465	59145	3294617	151522	136397
HG01471	111792	106425	60149	3372834	155150	139620
HG01474	110977	106364	59708	3353640	154034	138595
HG01479	112574	106467	59882	3373180	154745	139515
HG01485	130429	113392	62253	3717239	171199	152446
HG01486	125009	110527	60632	3393303	157415	140178
HG01488	121511	110021	61885	3506963	161477	144586
HG01489	116353	108123	60856	3370733	155560	139966
HG01491	113844	107484	59835	3292189	153216	136720
HG01492	116832	108192	60785	3378298	155114	139820
