TR_SNP	TR_DEL	TR_INS	NON_TR_SNP	NON_TR_DEL	NON_TR_INS
HG02029	115584	108381	60280	3337844	153854	138068
HG02031	113367	104945	59941	3340526	153470	138514
HG02032	117192	106200	60386	3333452	153217	137603
HG02035	116302	108545	59824	3341199	153841	138424
HG02040	115367	108827	59730	3341912	153693	138298
HG02047	115761	108887	59599	3333558	154050	138759
HG02048	123801	109778	60989	3349347	154444	139051
HG02049	123477	109700	61037	3357108	154936	138979
HG02050	117336	106553	60308	3337328	153643	138416
HG02051	139301	114623	63184	4083554	187765	166346
HG02052	140628	116379	63944	4078892	189051	165500
HG02053	139502	114764	63327	4085178	188258	165579
HG02054	133867	113297	62969	4039647	185811	164226
HG02057	123248	110234	61214	3363698	155834	139574
HG02058	120918	108513	60852	3350098	154293	138400
HG02060	115716	106467	60027	3325376	152928	138022
HG02061	115852	106389	60046	3323765	152783	137583
HG02064	115420	106479	60490	3337347	153207	138203
HG02067	115124	106455	60427	3338835	153368	138449
HG02069	123182	110694	61056	3363808	155274	139031
HG02070	122545	110171	60952	3346827	154871	138704
HG02072	123078	110032	60846	3358130	155337	139524
HG02073	122069	110164	60731	3338112	154158	138571
HG02075	122490	108627	61212	3369450	155880	140076
HG02076	120817	107699	60730	3338264	154044	138520
HG02078	122641	108254	60939	3339442	153884	138887
HG02079	122310	108113	61173	3356649	155095	139041
HG02081	115110	105499	60111	3340593	153795	138410
HG02082	115940	106048	59921	3326333	153119	137734
HG02084	114570	105572	60054	3336302	153588	137955
HG02085	116353	106428	60393	3329333	153402	137733
HG02086	115714	106673	60233	3347803	154216	138491
HG02087	114563	104903	59987	3335076	153381	137993
HG02088	113509	104763	59915	3328122	153130	137897
HG02089	116169	106222	60013	3339947	153640	138618
HG02090	117453	106707	60461	3462716	158587	142919
HG02095	140123	116337	63395	4071186	188098	165618
HG02102	115074	106162	59647	3275244	150686	136584
HG02104	113825	104645	59021	3253090	149829	135150
HG02105	108761	102002	58059	3209415	147041	133101
HG02107	149798	118514	64613	4116994	191497	166813
HG02108	134649	114327	63462	3997534	184232	162829
HG02111	137309	115533	63384	4069092	187761	165713
HG02113	115143	105722	59990	3318959	152859	137391
HG02116	114352	106968	60376	3339460	153405	138633
HG02121	119310	106932	60773	3352240	154500	138867
HG02122	119397	107318	60633	3347288	154081	138733
HG02127	118639	106832	60327	3328244	153814	138204
HG02128	119159	106890	60431	3331771	153925	138366
HG02130	114727	105926	60036	3317551	152337	138073
HG02131	115958	106652	60315	3358330	153869	138808
HG02133	115267	106014	60146	3329897	152888	138571
HG02134	116857	106955	60576	3339500	153315	138637
HG02136	114456	105640	60153	3318135	152263	137968
HG02137	115353	106020	60143	3313398	152273	137670
HG02138	116171	106149	60193	3336330	153594	138273
HG02139	114840	105659	59897	3331832	153322	138282
HG02140	115350	105667	60148	3345127	153838	138574
HG02141	115789	106094	60126	3346704	154354	138570
HG02142	119822	107675	60679	3352390	154241	138750
HG02143	135034	114583	63167	3997892	183973	162523
HG02144	138103	115801	63163	4061857	187323	165276
HG02146	111896	104113	58710	3206520	147687	133015
HG02147	114454	105009	58870	3231676	148330	134314
HG02150	111867	104116	58410	3209102	147906	133392
HG02151	116950	106412	60114	3328280	152665	137783
HG02152	112925	106665	59346	3304388	151671	137487
HG02153	112495	106533	59198	3305932	152126	137379
HG02154	116951	109088	59266	3302798	153082	137415
HG02155	114047	107771	59361	3310287	152353	137411
HG02156	113291	107098	59435	3316929	152388	137813
HG02164	113805	107138	59402	3318112	152871	137697
HG02165	113756	107301	59230	3325116	152962	138002
HG02166	113559	107157	59247	3314083	152306	137589
HG02168	110001	105634	59392	3310111	151926	137976
HG02169	110971	105278	59295	3283731	150807	136241
HG02170	111337	106763	59565	3329406	152752	137539
HG02173	109937	105424	59339	3288932	150928	136092
HG02176	111364	105960	59573	3305693	152057	136991
HG02178	113925	107466	59447	3322067	152332	137801
HG02179	118050	109773	60091	3347128	154986	139246
HG02180	118625	109964	60169	3344529	154966	139244
HG02181	115174	107780	59688	3345095	153495	138754
HG02182	114401	107015	59228	3318114	152847	137616
HG02184	113220	107246	59526	3316214	152657	138026
HG02185	113805	107309	59443	3317270	153087	138254
HG02186	114603	107456	58922	3316108	152642	137669
HG02187	113328	109047	59652	3335029	156296	138357
HG02188	112107	107951	59352	3309578	154818	137782
HG02190	114197	109807	59494	3336468	155960	138033
HG02215	115820	106329	59377	3295492	151829	136659
HG02219	112204	106734	59874	3342348	153142	138344
HG02220	111923	104496	59331	3335609	152689	138145
HG02221	112063	104273	59050	3305200	151942	137032
HG02223	112839	106710	59452	3332581	152718	138140
HG02224	111832	106240	58904	3304728	151973	136794
HG02230	112760	106806	59136	3324239	152454	137822
HG02231	114374	107107	59233	3328789	153429	138081
HG02232	116297	106153	59533	3334485	152816	137864
HG02233	117638	107255	59879	3352236	154238	139271
HG02235	113396	105321	59511	3341417	153354	138051
HG02236	112607	104644	59122	3325182	152389	137580
HG02238	117056	106547	59875	3340546	153037	138401
HG02239	118058	107797	60245	3366165	154643	139041
HG02250	117400	106864	60398	3332687	153282	138253
HG02252	113980	108178	59318	3326302	153338	138019
HG02253	112657	107318	59287	3332675	153115	138393
HG02255	134207	113243	62537	4040363	185956	164280
HG02256	132835	112664	62661	3970615	182081	161577
HG02259	112576	103950	58677	3216609	147928	133495
HG02260	116043	105545	59472	3277162	150805	135445
HG02262	114519	106180	59539	3294004	151532	136517
HG02265	107962	104295	57559	3197749	147168	133500
HG02266	107797	104578	58302	3224645	148025	133922
HG02271	114731	104265	58845	3231059	149033	134434
HG02272	109764	102505	57723	3167842	145552	131601
HG02274	122986	113550	61664	3622346	166875	148246
HG02275	110155	105432	58076	3204487	147502	133472
HG02277	113920	105417	59590	3292339	151342	136233
HG02278	112984	104426	59209	3258201	150113	135604
HG02281	144465	116350	63871	4097277	189199	166117
HG02282	143803	116518	64180	4015814	185651	163556
HG02283	139773	117121	64307	4039142	187078	164420
HG02284	140287	116980	64062	4019461	185981	163993
HG02285	114291	104918	59467	3295409	151763	136689
HG02286	116657	106626	59906	3319016	153145	137301
HG02291	111856	104488	58422	3196345	147332	133251
HG02292	113406	105592	58958	3233371	148765	134190
HG02298	115709	107340	60033	3324124	153051	137491
HG02299	114488	105941	59098	3243871	149288	134486
HG02301	115625	105633	59855	3314300	152313	137690
HG02304	118313	108226	60760	3353217	154694	138788
HG02307	136599	114621	63059	4060080	186829	164807
HG02308	137777	115566	63256	4042326	186328	163877
HG02309	136056	115106	63288	4050107	186866	164829
HG02312	115397	107180	60422	3356751	154708	138988
HG02314	136335	115342	63301	4050717	186624	164456
HG02315	136714	115181	63562	4045589	186700	164396
HG02317	137983	114560	62826	4058937	187653	165163
HG02318	134048	112465	62752	4051167	186885	164575
HG02322	134932	114720	63177	4025256	185772	163896
HG02323	136122	114328	62966	4052005	186628	164649
HG02325	97500	96009	54573	3239803	140737	133278
HG02330	135989	115522	63094	4043525	186296	164087
HG02332	141173	117015	63961	4067810	188244	165459
HG02334	134038	114879	63236	3976856	182736	161835
HG02337	136268	115115	63190	4042358	186325	164303
HG02339	135819	114109	62020	4026835	185431	163558
HG02343	98006	97052	55488	3254687	141830	133882
HG02345	116626	108964	61091	3447660	158715	141992
HG02348	114190	105479	59451	3269774	150769	135983
HG02351	115557	106146	60263	3333930	152936	137863
HG02353	117619	106640	60387	3346943	153459	138687
HG02355	115872	105815	60119	3319692	152152	137729
HG02356	118010	106968	60402	3325417	152848	138108
HG02358	110772	106005	59569	3330123	153112	138376
HG02360	117752	106919	60587	3330085	153195	138333
HG02364	116666	106332	59968	3328530	152551	137797
HG02367	116470	106109	60297	3328232	152925	137909
HG02371	115169	105676	59880	3320792	152945	137396
HG02373	118128	106850	60228	3334494	153468	138023
HG02374	117324	106340	60358	3333336	152904	137913
HG02375	116738	106568	60143	3321293	153025	137521
HG02379	116581	106332	60116	3326217	152880	137616
HG02380	114312	104751	59339	3262545	150129	134954
HG02382	116737	106475	60159	3336584	153594	138182
HG02383	116842	106793	59999	3327216	153085	137939
HG02384	116401	106601	60052	3324819	152872	137893
HG02385	114417	105726	59906	3312867	152237	136863
HG02386	116619	106329	60017	3334823	153107	138304
HG02389	115236	105716	60004	3316878	152002	137504
HG02390	116234	106519	60006	3319758	151998	137783
HG02391	116331	105757	59806	3318082	152215	137358
HG02392	115983	105730	59706	3298477	151146	136921
HG02394	116083	106461	60034	3326751	152724	137831
HG02395	116232	106723	60338	3343052	153508	138679
HG02396	115258	106099	59856	3316072	152934	137559
HG02397	113310	105238	59551	3305318	151329	137116
HG02398	117668	107024	60260	3329179	152767	137985
HG02399	115800	106587	60048	3331147	153469	138071
HG02401	116239	106154	60381	3334400	153373	138091
HG02402	115646	106363	60027	3326174	152953	137956
HG02405	110893	106228	59580	3308465	152017	136633
HG02406	116594	106491	60027	3320314	152209	137461
HG02407	117104	106600	60625	3344381	153093	138581
HG02408	119221	107472	59824	3341072	153542	138379
HG02409	116054	106158	60012	3330080	152996	137790
HG02410	120947	107790	59799	3331181	153430	138182
HG02419	141301	117242	64197	4060675	188511	165224
HG02420	96179	96941	55352	3194558	139166	131489
HG02425	119873	108602	60289	3400084	156353	140225
HG02427	139239	115846	63454	4044672	186888	164719
HG02429	139607	115999	63351	4063102	187612	165171
HG02433	98416	97050	55288	3270227	142505	134561
HG02436	97770	96321	54650	3257855	141744	133774
HG02439	137144	117312	63034	4068202	187964	165270
HG02442	97815	96450	54682	3257390	142028	134082
HG02445	97251	96078	54843	3230581	140528	132539
HG02449	139328	115043	63323	4063778	187295	165025
HG02450	141348	115676	63294	4059198	187572	165006
HG02455	134201	115622	62452	4004689	185087	163350
HG02461	141426	117470	63427	4049184	187278	164765
HG02462	142751	118669	64133	4072319	188811	166001
HG02464	142953	118064	63575	4086967	189167	165974
HG02465	141918	118072	63732	4084749	189125	165773
HG02470	139435	115350	63217	4062558	187475	165234
HG02471	139734	115662	63314	4052942	186775	164295
HG02476	135516	116377	62662	4033623	185947	164340
HG02477	135617	116098	62466	4031641	186498	164025
HG02479	137202	113851	63004	4063017	187575	165108
HG02481	136905	116997	62609	4059907	187721	165263
HG02484	138735	114863	63521	4050894	187647	164891
HG02485	135371	114214	63327	3959364	182574	161780
HG02489	138627	115608	63383	4032388	186014	163786
HG02490	120207	110720	61165	3363138	155674	139428
HG02491	121308	111640	61501	3413221	157395	141445
HG02493	118953	108949	61214	3414808	157600	141754
HG02494	116794	108000	61135	3390520	156219	139996
HG02496	136036	113344	62857	4064594	187073	164828
HG02497	136818	113574	62808	4070140	187190	164783
HG02501	130586	114270	62744	3996862	184544	162249
HG02502	132257	114675	62905	4004030	184513	163107
HG02505	133259	114618	62803	4043185	186257	164180
HG02508	137664	114879	63153	4068465	188014	165213
HG02511	133874	112345	62570	4059662	186812	164344
HG02512	114079	106402	59876	3313000	152250	137437
HG02513	117567	107861	60617	3342084	154257	138820
HG02521	114624	106901	60398	3334119	153585	137886
HG02522	119586	108517	60990	3350360	154376	138881
HG02536	131715	114373	62727	3993000	183406	162167
HG02537	143432	115968	63875	4096166	189501	166659
HG02541	135948	114631	63508	4014502	185005	162706
HG02545	136452	116375	62239	4053906	187029	164697
HG02546	136494	115924	62389	4056421	187020	164799
HG02549	139759	114910	63262	4078244	188552	165694
HG02554	139493	115468	63509	4034902	186302	164212
HG02555	137110	114645	63532	4048512	186687	164786
HG02557	134968	115194	62154	4068537	187344	165047
HG02558	136638	116144	62594	4056135	187000	165042
HG02561	140468	117794	63828	4066187	188062	165499
HG02562	143521	118261	64065	4069089	188944	165673
HG02568	137363	114209	63064	4040589	186601	164279
HG02570	142737	117959	63939	4092443	189462	166087
HG02571	142529	117773	63552	4079406	188969	165953
HG02573	141975	117665	63665	4072542	188309	165424
HG02574	142236	117719	63926	4069955	188235	165343
HG02577	133879	115678	62522	3994533	184062	162900
HG02580	135221	114285	63244	4025538	185031	163802
HG02582	142293	117787	64130	4077063	188833	165514
HG02583	141482	117266	63446	4070657	187975	165864
HG02585	142649	118026	63556	4077955	188426	166204
HG02586	143032	118997	63847	4054408	187805	164847
HG02588	142090	117540	63605	4069362	188695	165772
HG02589	142187	117918	63925	4075950	188636	165626
