TR_SNP	TR_DEL	TR_INS	NON_TR_SNP	NON_TR_DEL	NON_TR_INS
NA19065	116111	108343	59688	3324096	153178	137595
NA19066	116112	108980	59982	3330209	153713	138576
NA19067	118416	109461	60264	3336524	156205	138394
NA19068	118262	109777	60116	3348731	154725	139162
NA19070	117827	108483	59776	3324934	155446	137393
NA19072	116369	107726	60023	3340582	153540	138534
NA19074	115256	108929	59837	3313657	152163	137228
NA19075	114275	106915	59696	3301487	153062	137239
NA19076	113638	106810	59627	3298397	151491	136926
NA19077	114971	109625	59840	3323709	156763	137797
NA19078	114598	107692	59476	3321564	153517	137578
NA19079	114868	108934	59609	3309497	153131	137719
NA19080	112907	106462	59375	3305727	152007	137536
NA19081	112144	106611	59829	3311958	152232	137782
NA19082	117314	107937	60010	3321324	152847	138210
NA19083	116156	109076	59897	3331267	153484	138295
NA19084	114779	108750	59837	3330423	153965	138351
NA19085	118410	110616	60503	3348008	155102	139021
NA19086	114979	106145	60214	3330983	152832	137931
NA19087	116259	109412	60096	3323397	153320	137641
NA19088	114301	108609	59686	3316390	153149	137539
NA19089	116199	106548	60126	3326168	152490	138117
NA19090	115673	106054	60061	3330968	153312	138018
NA19091	114735	106094	59835	3316240	152685	137663
NA19092	138819	115697	63109	4084046	188521	165684
NA19093	140616	114242	62652	4059601	186968	164794
NA19095	140549	114663	63049	4077171	188791	165206
NA19096	138088	114009	62806	4082314	188159	165532
NA19098	138636	115288	62922	4082510	188001	165570
NA19099	139453	118001	63040	4073572	188165	165412
NA19102	144194	117346	64081	4084779	189512	166185
NA19107	139430	118044	62787	4060723	186973	165176
NA19108	139913	117846	62788	4064093	187619	165263
NA19113	137470	113376	62573	4052757	186611	165396
NA19114	139461	118237	63038	4083430	188003	165787
NA19116	136233	115454	62306	4051674	188483	165062
NA19117	137666	113661	62654	4062781	187725	164824
NA19118	137110	114082	63013	4076504	188870	165528
NA19119	144877	117080	63457	4079310	189421	165865
NA19121	139072	114015	62547	4054648	187161	164573
NA19129	138529	117896	63009	4068107	187262	165080
NA19130	139433	115789	62462	4074690	189604	164920
NA19131	145926	116342	63684	4097547	189647	166310
NA19137	139691	113737	63045	4059695	187643	165289
NA19138	140855	114225	62686	4063274	187585	165001
NA19141	137709	114369	62665	4056897	186555	164924
NA19143	137489	114276	62630	4069294	187252	165349
NA19144	136713	115254	62867	4090562	188368	166090
NA19146	138455	113799	62873	4085183	188478	165821
NA19147	139677	117814	63367	4080026	188688	166065
NA19149	135408	112390	62153	4068339	186525	165034
NA19152	146025	117562	63516	4084752	189099	165839
NA19153	137626	114618	62480	4074445	187395	165514
NA19159	139405	116148	63229	4102977	189329	166625
NA19160	139445	114204	62768	4062991	187207	165506
NA19171	143618	116106	63399	4073002	188275	165736
NA19172	137414	115635	62076	4059240	187803	165061
NA19175	140425	114952	63149	4085004	188607	166424
NA19184	139149	114683	63015	4071744	187950	164755
NA19185	137470	113564	62492	4089806	188160	165650
NA19189	124014	108189	61055	3858988	175135	158233
NA19190	139277	117824	63101	4085491	188270	165705
NA19197	138355	115106	62685	4076012	188763	165107
NA19198	137677	115528	62945	4075343	188303	165684
NA19200	138702	114445	62912	4066478	187328	165467
NA19201	135414	114256	62573	4056533	186646	164524
NA19204	144845	115903	63418	4068513	188138	165195
NA19206	138812	115082	62803	4075816	188744	165041
NA19207	135823	114817	62508	4069479	187744	165391
NA19209	136537	114825	62688	4068285	187312	165361
NA19210	141675	115043	63244	4082849	189400	166203
NA19213	143631	120096	63200	4086261	192854	165614
NA19214	138350	113799	62892	4090154	188787	165857
NA19222	140256	113768	62900	4073862	188733	165581
NA19223	138836	114925	62804	4065446	188008	165091
NA19225	140213	118343	62866	4075192	187670	165184
NA19235	138911	115596	62590	4076423	189983	165608
NA19236	140765	116198	62748	4077107	190319	165293
NA19238	137371	115276	62955	4076436	188636	165268
NA19239	133883	113674	62334	4069882	187317	165251
NA19247	138251	115636	62572	4054545	190024	165108
NA19248	138923	117208	62471	4071111	191792	165313
NA19256	139317	117967	63133	4070726	188103	165621
NA19257	139691	118204	63160	4076892	188448	165394
NA19307	140155	115350	63003	4097053	188980	165933
NA19308	139204	114563	63390	4106097	189322	165901
NA19309	136808	113953	62743	4082253	187393	165248
NA19310	138226	114169	62751	4090859	189036	165287
NA19312	134710	114234	62084	4049691	185932	164512
NA19314	137315	113701	62557	4068820	186767	164734
NA19315	136258	114209	62861	4052835	186736	164596
NA19316	137316	113711	62763	4054755	186166	164478
NA19317	137153	113994	62777	4072837	186690	165511
NA19318	138848	116311	62872	4068706	192117	165361
NA19319	140001	115778	63307	4085034	188348	165319
NA19320	137357	114106	62971	4075071	186706	165266
NA19321	137997	115395	62937	4082494	188041	165747
NA19323	140282	117110	63672	4063107	187517	165262
NA19324	136375	114141	62663	4062670	187086	164962
NA19327	137010	114829	63219	4062451	187058	164961
NA19328	136393	115171	62566	4057618	187231	165064
NA19331	140130	116488	63364	4088515	191300	165667
NA19332	139088	114982	62022	4053125	186472	164127
NA19334	138026	115274	62623	4069336	188515	164642
NA19338	137025	114356	62585	4066969	187218	164390
NA19346	139605	115967	62560	4062696	188071	164526
NA19347	137521	114698	62428	4053645	186944	164559
NA19350	139032	115750	62867	4081587	189067	165581
NA19351	139531	114460	63183	4063406	187424	165070
NA19355	137448	116010	62736	4074672	187918	164961
NA19359	137381	114733	62641	4084042	187249	165640
NA19360	139387	116020	62451	4075901	187035	165046
NA19371	137509	114813	62400	4056651	186478	164694
NA19372	137852	115878	62780	4086268	187876	165694
NA19374	138173	116240	62855	4088672	188126	165692
NA19375	136062	114992	62534	4063476	186816	164687
NA19376	138861	116558	62683	4091087	188660	165823
NA19377	138012	115760	62508	4068443	187335	165423
NA19378	141065	116997	63796	4077910	188675	165764
NA19379	138761	115626	63006	4073103	187675	165342
NA19380	139609	115866	62787	4066805	187200	165051
NA19383	138844	116268	62714	4066941	187263	164937
NA19384	139050	115476	62690	4063897	187055	164970
NA19385	141051	116327	63121	4088021	188272	165591
NA19390	139851	116784	63198	4074381	187706	164991
NA19391	137634	115403	62611	4082115	188369	165393
NA19393	139391	116051	62885	4088662	187711	165544
NA19394	137539	115294	62701	4072465	187990	165575
NA19395	138480	115228	62432	4063327	187439	164632
NA19397	138602	116193	62512	4059575	187747	164884
NA19398	138754	114974	62606	4056748	186981	164973
NA19399	139315	115810	62612	4098916	188423	165968
NA19401	138767	116062	62708	4072933	186775	164634
NA19403	135915	114962	62174	4034098	185385	163449
NA19404	137614	115444	62651	4068321	187228	164981
NA19428	138745	116069	62643	4068447	187451	165064
NA19429	135642	115253	62250	4063699	186864	164910
NA19430	135673	115017	62473	4084904	188715	166136
NA19431	133679	114145	62146	4060605	186657	165440
NA19434	136272	115692	62567	4056864	187313	164421
NA19435	138041	115516	62564	4060976	188133	164582
NA19436	132935	114012	61815	4045392	187737	164420
NA19437	139921	117382	62808	4054901	186630	164911
NA19438	134769	114989	62091	4057186	187413	164691
NA19439	140086	118393	62883	4069492	188115	165379
NA19440	140235	117410	62840	4084217	189685	165793
NA19443	139545	118414	62730	4091466	189576	166054
NA19445	138718	118067	62541	4067882	190145	165167
NA19446	140581	117048	62980	4069331	187711	165343
NA19448	134559	113319	62456	4044943	186169	164136
NA19449	135104	116762	62140	4064627	188574	165073
NA19451	134738	114802	62154	4056824	187178	165046
NA19452	135937	115959	62688	4067993	187473	165458
NA19454	141053	117170	63742	4080215	188095	165560
NA19455	135984	116109	62916	4074458	187828	165649
NA19456	134846	113658	62031	4050291	187346	164460
NA19457	138115	115462	62478	4054677	187780	164823
NA19461	134815	115191	62167	4056271	187346	165032
NA19462	137905	117508	62518	4079371	189158	165687
NA19463	142012	119610	63209	4074016	188928	165104
NA19466	135613	115614	62199	4055101	187313	165300
NA19467	134117	114226	62304	4048037	186422	164652
NA19468	133154	113412	62248	4045381	185668	164359
NA19471	138668	115512	62336	4072274	188922	164720
NA19472	141050	117427	62705	4080202	189145	165254
NA19473	139288	117944	62356	4072617	192861	164926
NA19474	138292	122927	62433	4071898	213910	164464
NA19475	140047	115552	63356	4093571	188266	165606
NA19625	135837	115794	63825	3959458	183241	161539
NA19648	114190	106772	59594	3319557	153030	137538
NA19649	117342	108068	60335	3377237	155304	140091
NA19651	119140	109704	61006	3420119	157684	141675
NA19652	119376	109394	60992	3405441	156742	140911
NA19654	120284	109517	61075	3405332	156566	140586
NA19655	118732	109997	61076	3393079	156725	140265
NA19657	117640	109020	61423	3390636	156495	140619
NA19658	118610	108790	60622	3399118	156260	140845
NA19661	123456	110488	61846	3410549	157266	141274
NA19663	115969	108147	61091	3375881	155445	139943
NA19664	117487	109701	61387	3409505	156837	141181
NA19669	118259	108175	60702	3373546	155572	139859
NA19670	117388	108094	60707	3379756	155494	139961
NA19676	120126	110074	61738	3416766	156829	141221
NA19678	117590	108198	60639	3415590	156474	140977
NA19679	115959	107354	59679	3300671	151472	137285
NA19681	118138	109549	61356	3399980	156860	140865
NA19682	115599	108008	60599	3358406	153957	139065
NA19684	119253	109135	61050	3388860	155513	140329
NA19700	137505	114530	63094	4017433	185186	163168
NA19701	137830	115116	62909	4013024	185270	163644
NA19703	137785	114817	62766	4019585	186594	163726
NA19704	136450	114859	62936	4039972	186954	164277
NA19707	136714	114785	62842	3958566	183142	161412
NA19711	135933	114385	62506	4049096	186493	164540
NA19712	138397	114447	62646	4022712	185265	163251
NA19713	136660	115506	63930	3966580	182649	161661
NA19716	118212	109783	61377	3412925	157614	140615
NA19717	119429	109519	61348	3397366	156664	140514
NA19719	118756	110221	61080	3419212	157710	141307
NA19720	122110	110469	61628	3399726	156492	140432
NA19722	118554	108854	60853	3404420	158855	140614
NA19723	120199	108252	60590	3432010	158383	142099
NA19725	119092	108320	60288	3404807	156485	140225
NA19726	119122	108263	60288	3362620	155126	139012
NA19728	110994	104124	58430	3214330	147557	134042
NA19729	113644	105093	59279	3257742	149267	135183
NA19731	114120	104860	59045	3225321	148030	133469
NA19732	110690	104167	58634	3198028	147016	133201
NA19734	114073	105139	60151	3339971	153925	138277
NA19735	113624	105218	59333	3297257	151546	136940
NA19740	116307	106497	60027	3351178	154355	138732
NA19741	112868	104294	59541	3303300	151982	136701
NA19746	118045	107724	60577	3359130	155177	139070
NA19747	115768	107348	60370	3368728	154999	139338
NA19749	114877	107484	60287	3390014	155928	140191
NA19750	114253	107522	60288	3374403	155337	139656
NA19752	116267	106489	60141	3372400	155163	139517
NA19755	117872	108220	60566	3373237	155582	139378
NA19756	116899	108336	60581	3413102	157529	141013
NA19758	114849	107148	59727	3305103	152422	136860
NA19759	116446	107120	59993	3322373	153185	137201
NA19761	117190	108857	60840	3403760	157074	141038
NA19762	117927	110007	61090	3425443	157770	140955
NA19764	120848	108120	61369	3432104	158051	141798
NA19770	116970	108612	61042	3410014	157200	140920
NA19771	116040	107352	60720	3381649	156103	139858
NA19773	116069	107425	60553	3391423	156747	140066
NA19774	116287	107907	60842	3392465	156305	140445
NA19776	123578	110822	61581	3479140	160679	143812
NA19777	125105	110539	61436	3464514	159327	142902
NA19779	122584	110605	61014	3425380	157671	141089
NA19780	121745	109151	60587	3391147	156718	140045
NA19782	122362	109244	60803	3426570	157143	141114
NA19783	119876	107622	60223	3321714	152985	137767
NA19785	116336	106566	60204	3371401	155298	139737
NA19786	116597	107026	60406	3381281	155722	140048
NA19788	124020	109400	61300	3413861	157709	141158
NA19789	123303	110963	61237	3459971	162602	142342
NA19792	123209	112290	61925	3440820	158831	142592
NA19794	116706	106728	60284	3388509	155527	139973
NA19795	118227	107682	60925	3429578	158469	141469
NA19818	134798	114428	63385	3944907	180979	160332
NA19819	135833	114755	63504	3956126	182274	161044
NA19834	137086	115714	63916	3986058	183736	162642
NA19835	139157	115810	63920	4027457	186866	163926
NA19900	137265	114461	63334	3993719	184282	162630
NA19901	141585	116350	62994	4058805	187455	165316
NA19904	138160	115552	62931	4004948	185039	163054
NA19908	137090	114863	62800	4023176	185491	163497
NA19909	135430	115909	62788	4022521	188924	163450
NA19913	134782	113370	62877	4013945	184922	163328
NA19914	141024	117607	63891	3939929	183732	160761
NA19916	139085	115309	62959	4056829	187603	165315
NA19917	137586	114972	62861	4050546	186966	164561
NA19920	144571	117232	63382	4053312	186842	164710
