TR_SNP	TR_DEL	TR_INS	NON_TR_SNP	NON_TR_DEL	NON_TR_INS
HG03874	121757	110738	61662	3430467	158244	142088
HG03875	114678	105914	59838	3349178	154178	138877
HG03882	120272	110486	61704	3414100	157861	141328
HG03884	118640	109393	60972	3377466	156060	140014
HG03885	118324	109753	61087	3413985	157238	141494
HG03886	119380	110181	61169	3423018	158081	141508
HG03887	117913	110109	61380	3410069	157660	141045
HG03888	119511	110121	61333	3417433	158083	141363
HG03890	116978	111037	60373	3422935	158370	141407
HG03894	114269	107673	59561	3390031	155394	139984
HG03895	113413	108199	59091	3353554	154419	138895
HG03896	119155	108977	60226	3332024	153925	138107
HG03897	115513	109252	59911	3403387	156233	140472
HG03898	120000	109580	60566	3371426	155014	139622
HG03899	117709	107816	60427	3372660	155091	139426
HG03900	119616	109804	60846	3376833	155779	139844
HG03902	115610	109390	60476	3420304	157275	141328
HG03905	115892	109833	60223	3411585	156693	140990
HG03907	117953	111141	60264	3406829	157570	141025
HG03908	119405	112143	60629	3436787	158597	141555
HG03910	113363	108867	59659	3374324	155149	139937
HG03911	115808	109685	60242	3411184	156570	140663
HG03913	115458	109254	60454	3396697	156180	140192
HG03914	116003	110065	60568	3408596	156843	141122
HG03916	113848	108345	59955	3398456	156130	140252
HG03917	115789	107759	61033	3416228	157148	141433
HG03919	114719	109198	59981	3410690	156782	140891
HG03920	115843	107748	60780	3408447	156492	140817
HG03922	120130	109293	60712	3426078	157853	141562
HG03925	117786	111009	60481	3420026	158014	141630
HG03926	115352	109604	60579	3413359	156922	141048
HG03928	117242	110407	60531	3418434	157592	141226
HG03931	116331	109899	60434	3413575	157254	140737
HG03934	116034	110458	60537	3424220	157333	141461
HG03937	114628	108868	59879	3391051	155797	140443
HG03940	117838	110433	60695	3427673	157446	141869
HG03941	118278	110856	60484	3415427	157305	141299
HG03943	120932	110808	61940	3415775	157675	141191
HG03944	114143	108549	59559	3377974	155829	139906
HG03945	116095	107496	60611	3391103	155756	140129
HG03947	115028	109274	60352	3415789	156935	141181
HG03949	114889	108448	59908	3377552	155282	139762
HG03950	120287	110733	61525	3422471	157987	141613
HG03951	118098	108548	61497	3426666	157668	142024
HG03953	114816	109076	59692	3407930	156518	140605
HG03955	113248	105721	59753	3349756	153315	138682
HG03960	114552	109020	59847	3402483	155854	140773
HG03963	116328	110151	60262	3414157	157215	141154
HG03965	117736	107872	60994	3416891	157265	141296
HG03967	115834	107316	60227	3362315	154207	139185
HG03968	114463	109292	60044	3399608	156132	140307
HG03969	113126	107517	60371	3406299	156029	140415
HG03971	115532	109207	60563	3423640	157249	141400
HG03973	114164	108543	60051	3384682	155843	140318
HG03974	118831	111014	60610	3421455	158121	141369
HG03976	117518	110420	60949	3417880	157158	141552
HG03977	115458	109520	60216	3415766	157094	141076
HG03978	120499	110791	61519	3419983	158218	141748
HG03985	111515	106707	60160	3380067	154790	139520
HG03986	119896	110728	61335	3427087	157776	141744
HG03989	111643	107285	60033	3376231	154811	139442
HG03990	112224	107564	60306	3393032	155638	140118
HG03991	112589	107615	60106	3384164	154996	139955
HG03995	117029	107879	60992	3406787	156442	140834
HG03998	112972	107993	60518	3417952	156675	141027
HG03999	114663	108936	60146	3409073	156640	140433
HG04001	109969	106126	60141	3375557	155161	139627
HG04002	114924	108958	60246	3405356	156521	140689
HG04003	115610	108649	60587	3410679	156867	140526
HG04006	120638	110579	61957	3434053	158287	141887
HG04014	115126	108757	60034	3400882	156697	140694
HG04015	115230	109229	59729	3405067	156527	140731
HG04017	115056	108861	60082	3398529	156066	140379
HG04018	115172	108888	59968	3398584	156406	140674
HG04019	114755	109039	59813	3400210	156611	140265
HG04020	113789	108493	59746	3385123	155110	140487
HG04022	115794	109636	60019	3403382	156475	140527
HG04023	111686	106561	59992	3359958	154214	139028
HG04025	113256	107805	59422	3360464	154012	138604
HG04026	115428	108382	59616	3352124	154014	138613
HG04029	113308	107869	59860	3360087	154284	139480
HG04033	115750	109218	60204	3408790	156760	141014
HG04035	115292	108602	59725	3394306	156408	140652
HG04038	111675	107018	60153	3385391	155573	140335
HG04039	113292	108346	60493	3415941	156438	141398
HG04042	112930	107924	59848	3393091	155566	140391
HG04047	113563	108267	60697	3413179	156671	140985
HG04054	111254	106624	59963	3379070	155372	139518
HG04056	110348	105845	58916	3306030	152151	137009
HG04059	113293	108009	60524	3400930	156526	140762
HG04060	114156	108401	60738	3406448	156242	141213
HG04061	111634	107520	60434	3399941	156374	140928
HG04062	113076	108201	60664	3422555	157243	141486
HG04063	114061	108783	59672	3386274	155966	140312
HG04070	110218	103487	57992	3226116	148450	134354
HG04075	117120	108628	60869	3378994	155053	139618
HG04076	113035	107497	60300	3398927	156342	140725
HG04080	113261	108069	60805	3413503	157177	140734
HG04090	112591	107496	60048	3384592	155334	140165
HG04093	114211	108980	59534	3382707	154827	139893
HG04094	112092	107248	60592	3401943	155991	140867
HG04096	114550	106136	59604	3331061	152796	137688
HG04098	116961	108374	61255	3411562	157183	140825
HG04099	113814	107841	60020	3399190	156228	140633
HG04100	118502	108972	61152	3431105	158142	141611
HG04106	117390	107918	59744	3366363	155593	139239
HG04107	117773	108333	59984	3398709	155848	140721
HG04118	115037	109637	60149	3415175	157308	141070
HG04131	112281	107425	60421	3414122	156653	140912
HG04134	112070	106912	60356	3399870	156356	140451
HG04140	112626	107338	60433	3390957	155417	139954
HG04141	112538	107955	60833	3402117	156119	140332
HG04144	118456	108737	61253	3409552	157513	141611
HG04146	115696	109811	59998	3408310	156686	140959
HG04152	117986	108652	60911	3387124	155939	139918
HG04153	117757	108182	61129	3420899	157272	141559
HG04155	117363	110773	60682	3412836	157416	141236
HG04156	115032	108977	60197	3399163	155754	140297
HG04158	110297	106165	60488	3390889	155910	140612
HG04159	115085	109189	60279	3407596	157093	140604
HG04161	118681	108012	61100	3406466	156134	140250
HG04162	117935	108702	61433	3434621	157650	142093
HG04164	119050	108863	61384	3437894	158404	141992
HG04171	118744	108579	61581	3439285	158128	142145
HG04173	113742	108166	60759	3419467	157231	141052
HG04176	118393	108527	61115	3433827	157773	141513
HG04177	117790	108257	61058	3416357	157686	140907
HG04180	123500	110778	61042	3428242	158229	142016
HG04182	112829	107209	60388	3395702	155568	140391
HG04183	111860	107585	60244	3389592	155650	140098
HG04185	111812	107133	60382	3404155	156116	140462
HG04186	114584	109223	60148	3401715	156619	140628
HG04188	117231	107869	61092	3415607	156778	141533
HG04189	116899	107993	61392	3427466	157470	141513
HG04194	119086	108417	61093	3423682	157184	141252
HG04195	116529	108151	61256	3423309	157264	141699
HG04198	118398	108422	60882	3417860	157221	141239
HG04200	118235	107862	60804	3398960	155952	140580
HG04202	117441	107572	60760	3405424	156293	140672
HG04206	118349	108819	61042	3401239	156738	140767
HG04209	116205	106513	60205	3354524	154132	138595
HG04210	118924	108560	60903	3415455	157057	140907
HG04211	111446	103989	58517	3251668	149737	135405
HG04212	116029	106752	60287	3374829	155250	139074
HG04214	117153	108310	60668	3409544	156502	140851
HG04216	118594	109547	61468	3418187	157180	141391
HG04219	116002	107950	61242	3428631	157303	141336
HG04222	119187	109047	61165	3427374	157773	141509
HG04225	118767	109661	61212	3418919	157975	141512
HG04227	118918	108593	61210	3421482	157749	140805
HG04229	118846	109590	61100	3417218	157209	141343
HG04235	117950	108316	60848	3415915	157253	140663
HG04238	117757	108522	61087	3417927	157068	141323
HG04239	118644	109005	61138	3419861	157376	141396
HG04301	109021	104761	58989	3302534	151431	136813
HG04302	107390	103474	58219	3253853	148188	134228
HG04303	109415	105033	59263	3314608	152024	137531
NA06984	116440	105993	59204	3314735	152415	137504
NA06985	120263	111708	59913	3343857	154177	138535
NA06986	119900	108949	60632	3326692	153722	137713
NA06989	115197	106593	59196	3313213	152826	137386
NA06994	117192	110747	59811	3324022	153773	137774
NA07000	119558	110498	59807	3329329	153686	137691
NA07037	121305	107872	59768	3340315	154187	138585
NA07048	115324	107326	59472	3328899	153460	137953
NA07051	112314	106641	58780	3289399	153054	136035
NA07056	115156	109181	59540	3324499	153068	138328
NA07347	121272	109808	60793	3352692	155756	139041
NA07357	116005	109795	59753	3319660	153353	137638
NA10847	122841	108430	59456	3321711	153477	137504
NA10851	116101	109159	59485	3319095	152906	137434
NA11829	119197	108949	60253	3331011	154165	137924
NA11830	110726	105012	59088	3307877	153766	136760
NA11831	114218	108946	59568	3304641	153365	136983
NA11832	118232	111107	59818	3334596	156246	138350
NA11840	119380	109040	59891	3322906	153514	137622
NA11843	117031	106421	59828	3333638	153378	137919
NA11881	117066	109306	59236	3324147	153291	137741
NA11892	119347	110601	59852	3342322	154565	138564
NA11893	117417	110357	60048	3326148	153682	137749
NA11894	116798	109876	59891	3333473	154035	138348
NA11918	117356	107679	60349	3325038	153467	137781
NA11919	120874	109997	60842	3349234	155050	139037
NA11920	119445	108884	60388	3344436	154649	138583
NA11930	120268	107407	60111	3349339	153987	138537
NA11931	116377	109710	59893	3317160	152394	137657
NA11932	118523	107065	60185	3338986	153831	138015
NA11933	118691	106940	60095	3332602	153192	138393
NA11992	119092	110753	60095	3349235	155453	138920
NA11994	122032	110003	59878	3337938	154708	138275
NA11995	115155	108279	59509	3304158	151944	136935
NA12003	116681	109195	59665	3312112	153709	137368
NA12004	119340	111892	59761	3346028	155188	138090
NA12005	118550	109996	59970	3313572	153564	137188
NA12006	119681	112532	60080	3333412	154877	138382
NA12043	114867	109055	59596	3306962	152224	136906
NA12044	120628	113439	60302	3327199	154785	138191
NA12045	119464	109669	60557	3341368	154576	138699
NA12046	119167	106490	59867	3335092	153428	137660
NA12058	117872	106747	59454	3326326	153036	137210
NA12144	118284	110518	59215	3325197	153944	137386
NA12154	118020	111270	59930	3343541	155405	138256
NA12155	119828	111405	60051	3327344	154159	138148
NA12156	114751	109271	59699	3332504	154105	138113
NA12234	117671	105564	59601	3316288	152410	137248
NA12249	111763	105005	59268	3289998	150691	136352
NA12272	115296	105995	59152	3307985	152043	137148
NA12273	119913	109231	59613	3363186	154715	138707
NA12275	115714	108678	59323	3325603	153685	137617
NA12282	119503	107055	59951	3338396	154271	138307
NA12283	119475	107106	59790	3337184	153810	138333
NA12286	120195	107359	60209	3331209	153615	137824
NA12287	115880	110004	59762	3325142	153507	138027
NA12340	115000	106464	59268	3306932	152133	136847
NA12341	117037	106493	60333	3331925	152816	138268
NA12342	121918	109136	60948	3310383	153388	137641
NA12347	118040	110881	59448	3323501	153168	137991
NA12348	119046	111135	60162	3335775	154379	138461
NA12383	119686	110114	60229	3348198	153723	138884
NA12399	115313	107746	59202	3315214	155118	137279
NA12400	114855	108581	59450	3319645	157878	137579
NA12413	116062	109701	59815	3302781	152408	137091
NA12414	120591	111180	59937	3324420	153726	137770
NA12489	118536	111502	59495	3326081	153616	137489
NA12546	119137	110910	60326	3336344	154025	138307
NA12716	117900	106659	59134	3310318	152057	137606
NA12717	119837	107269	59252	3327661	152924	137796
NA12718	116469	107017	59464	3309156	152330	137037
NA12748	119580	107441	60086	3338039	153837	138316
NA12749	118413	110703	59634	3323469	154009	137565
NA12750	120670	107828	59533	3336756	154164	138531
NA12751	120124	107359	59358	3325741	153087	137388
NA12760	119059	110411	59982	3330463	154164	138459
NA12761	118226	106382	58894	3313374	152554	137421
NA12762	117647	108072	59751	3335621	154134	138282
NA12763	119971	107844	59528	3328932	152745	137921
NA12775	118842	111031	59959	3318679	152985	137484
NA12776	117390	110387	59868	3341799	154710	138826
NA12777	118633	110798	59765	3311377	153278	137380
NA12778	118491	109887	59943	3320572	153181	137352
NA12812	116008	105844	59681	3331040	152977	137694
NA12813	115996	109633	59642	3326452	153258	137261
NA12814	113825	104365	59198	3307086	152281	136571
NA12815	114506	104951	59418	3329381	153322	137542
NA12827	119050	107159	59957	3329953	152986	137632
NA12828	116592	109829	59771	3333884	153961	137949
NA12829	118371	106763	59791	3316573	152442	137090
NA12830	119856	107578	60223	3341710	154018	138436
NA12842	118085	106540	59812	3325696	152906	138039
NA12843	118643	107277	59971	3316191	152872	137106
NA12872	117453	107400	60114	3337356	154065	138007
NA12873	114549	105000	59639	3319897	152678	137141
NA12874	113943	104836	59072	3294615	151376	136264
NA12878	117309	107778	59979	3327547	153102	137837
NA12889	119221	106495	60100	3327540	153156	137431
