TR_SNP	TR_DEL	TR_INS	NON_TR_SNP	NON_TR_DEL	NON_TR_INS
HG02594	144365	119655	64649	4097296	189880	166364
HG02595	141146	117566	63765	4055170	187696	165176
HG02597	112107	107518	60082	3377432	155143	139448
HG02600	121378	111675	61779	3425709	157783	141757
HG02601	122823	112263	61784	3434526	158887	142342
HG02603	122221	111351	61599	3403757	156948	140596
HG02604	116394	107637	59658	3271296	150808	135841
HG02610	142000	117900	63972	4080076	188762	165996
HG02611	143089	117469	63603	4044267	187476	164865
HG02613	141522	117633	63584	4051364	187908	164573
HG02614	141029	117887	63817	4059992	188064	164848
HG02620	142745	118142	63936	4081779	189138	165994
HG02621	142661	118375	64071	4098362	189215	166513
HG02623	144037	118477	63856	4057706	187984	165254
HG02624	142075	117896	63888	4086476	189154	166204
HG02628	142029	118100	63628	4086458	189082	165833
HG02629	142994	118292	63968	4098476	189572	166746
HG02634	142388	117837	64003	4068204	188320	165569
HG02635	144810	118753	64044	4075414	188866	166614
HG02642	141683	117749	63967	4072916	187802	165637
HG02643	141334	117577	64151	4065892	187512	165341
HG02645	142817	117862	63795	4072989	188926	165584
HG02646	142459	118179	63839	4075312	188166	165491
HG02648	115087	106248	59944	3346663	154046	138369
HG02649	113958	105890	59873	3320098	152896	137881
HG02651	117366	107870	60716	3413314	157002	140971
HG02652	116534	107707	60911	3418303	157159	141017
HG02654	121350	111438	61480	3404084	157199	140802
HG02655	118029	108465	60099	3326135	153460	137885
HG02657	120705	111546	61900	3421386	157676	141682
HG02658	117090	107494	59540	3261376	151075	135716
HG02660	119578	110544	60980	3385837	155880	140058
HG02661	121717	111368	61766	3421205	158443	141499
HG02666	143338	118844	64080	4080317	189119	166001
HG02667	138634	115708	62975	3984539	184311	162515
HG02675	141984	117513	63832	4069030	188295	165566
HG02676	142972	118448	64118	4067522	188891	165550
HG02678	140052	116453	62889	3999123	184951	162974
HG02679	142980	118054	63920	4077240	188914	165584
HG02681	116175	107277	60830	3392455	155585	140308
HG02682	116185	107731	60816	3387696	156043	139637
HG02684	115405	107224	59216	3259012	150202	135531
HG02685	118471	109066	60329	3339227	154197	138520
HG02687	120823	111298	61578	3409219	157001	140916
HG02688	121985	111070	61588	3401713	157083	141153
HG02690	114745	105534	59730	3318611	152718	138052
HG02691	116667	107024	60684	3390745	155750	140304
HG02694	109470	105090	58700	3292665	151010	136387
HG02696	122024	111276	61804	3424412	158220	141173
HG02697	121218	111507	61481	3406852	157789	140752
HG02699	115772	105715	59667	3324158	153050	137642
HG02700	115753	107041	60666	3398753	156448	139946
HG02702	142561	118591	63954	4066918	188406	165746
HG02703	144058	118858	63849	4070777	188627	165589
HG02715	142283	117545	63703	4083125	189118	166089
HG02716	142854	118140	63913	4090101	189412	166161
HG02721	143517	117976	64186	4075444	188814	165618
HG02722	144128	118867	64063	4102462	189712	166468
HG02724	120364	110406	61427	3408598	157331	141010
HG02725	121726	111237	61613	3413829	157628	141050
HG02727	119548	111027	61358	3417319	156996	141380
HG02728	120307	110699	61324	3414073	157260	141571
HG02731	113177	108396	60686	3416257	157451	141030
HG02733	120744	110650	61139	3396243	156635	140153
HG02734	117203	108283	59787	3286365	152185	136784
HG02736	115754	107415	60712	3402096	156144	140782
HG02737	117033	108066	60840	3403767	156289	140604
HG02756	142517	117538	63843	4071868	188517	165598
HG02757	141484	117294	63751	4067543	188242	165470
HG02759	136578	113409	62045	3987987	183675	162213
HG02760	139337	114984	62980	4075816	188199	165480
HG02763	131834	112994	61718	3990270	183316	161979
HG02768	142710	118330	64106	4089177	189608	166219
HG02769	140458	116914	63509	4062991	187977	165633
HG02771	142414	117754	63644	4089489	189489	166233
HG02772	142011	117473	63670	4082302	188672	166170
HG02774	117049	109031	61112	3416681	157265	141475
HG02775	118204	108057	61077	3413971	156910	141159
HG02778	113222	108021	60447	3393953	155708	140439
HG02780	110788	106111	59107	3320887	152418	137223
HG02783	121191	111117	61409	3405330	157523	140988
HG02784	121706	111042	61343	3404123	157629	140921
HG02786	120892	110344	60932	3404138	157716	140973
HG02787	120539	111089	61434	3393254	156624	140470
HG02789	121487	111351	61435	3424020	157949	141822
HG02790	120806	111173	61376	3403257	157596	141424
HG02792	119173	109061	60993	3422730	157556	141436
HG02793	119024	108157	61021	3424886	157997	141759
HG02798	142423	118059	63898	4092647	189776	166204
HG02799	142018	117991	63715	4074388	188769	165676
HG02804	143284	118323	63897	4106114	189754	166969
HG02805	139356	115993	62297	3999370	184875	163287
HG02807	141012	117705	63725	4069998	188189	166106
HG02808	140150	116754	63244	4030131	186452	164205
HG02810	139267	116364	63143	3962970	183453	161601
HG02811	140364	116861	63483	4096746	190109	166642
HG02813	136689	116519	62070	4066241	187159	165103
HG02814	137162	116984	62136	4081876	188234	166007
HG02816	135583	115493	62341	4065618	187135	165026
HG02817	135113	116130	62149	4057294	186987	164926
HG02819	136003	116115	61840	4073467	188695	165844
HG02820	135747	116005	62001	4069470	188055	165660
HG02836	136223	116489	62535	4059675	187634	165201
HG02837	134574	115109	61009	3979773	183093	162355
HG02839	137579	117109	62443	4063014	187388	165007
HG02840	136148	115833	61972	4058713	186666	164627
HG02851	137202	117161	62959	4092336	190180	167117
HG02852	135539	115798	61855	4036820	185940	164482
HG02854	137272	116949	62203	4092452	189077	165863
HG02855	136686	116587	62203	4067357	187481	164933
HG02860	137157	116520	62534	4054809	187388	164572
HG02861	136009	116239	62155	4061734	187750	165097
HG02870	133113	113954	62272	4050228	186605	164642
HG02878	140321	116202	62734	4073007	188175	165935
HG02879	142091	116267	62625	4057759	187171	164914
HG02881	138367	113783	62520	4037163	185670	164267
HG02882	138142	114587	62973	4077035	187993	165367
HG02884	135660	116090	61945	4063673	187117	164880
HG02885	136025	116065	61992	4064688	188231	165321
HG02887	135666	116000	62134	4058915	187612	165321
HG02888	136758	116432	62150	4052957	187331	165386
HG02890	137265	116755	62027	4066258	188361	165874
HG02891	135531	114962	62176	4060966	187135	164961
HG02895	135544	115583	62368	4048685	186726	164691
HG02896	135830	115613	61886	4047809	186378	164904
HG02922	143341	117946	64027	4107205	190407	167271
HG02923	142400	117795	63564	4060122	188415	165367
HG02938	141990	116072	62555	4083466	188828	165923
HG02941	140388	115901	62649	4091808	189538	166289
HG02943	141871	117476	63457	4083526	188966	165956
HG02944	142355	117663	63876	4072344	189117	164993
HG02946	138800	117172	62270	4094787	189397	166061
HG02947	139354	117432	62826	4111753	190245	166934
HG02952	138546	117398	62302	4086572	188307	166177
HG02953	135167	115850	62285	4063458	188231	164998
HG02968	137434	114066	62889	4073938	187981	165321
HG02970	136587	115748	62187	4083048	188336	165602
HG02971	134937	115360	61999	4072796	188452	165361
HG02973	143024	118108	63943	4089474	189399	166547
HG02974	142819	117702	63668	4080788	187921	166112
HG02976	137162	116351	62509	4082566	188815	165852
HG02977	139695	117603	62759	4079648	188662	165923
HG02979	136712	113533	62540	4067298	187695	165237
HG02981	138400	114683	63197	4095547	188984	166390
HG02982	138800	115163	63096	4071653	187894	165305
HG02983	136527	113606	62718	4038116	185819	164083
HG03006	119291	110222	61580	3440271	158381	142132
HG03007	119282	109909	61332	3411103	157435	141056
HG03009	115212	109536	60362	3414424	156736	141265
HG03012	115875	109280	60520	3426471	157140	141686
HG03015	113170	106409	60549	3384419	155713	139928
HG03016	117452	107656	60763	3410200	156966	140851
HG03018	113414	107749	60149	3398255	156446	140282
HG03019	112289	106977	59761	3370997	154678	139626
HG03021	113084	107961	60536	3395465	155890	140362
HG03022	108704	104522	58881	3303542	151635	137358
HG03024	135631	115364	61905	4052722	187058	165032
HG03025	137582	116220	61980	4084441	188437	165604
HG03027	141867	118033	63975	4075776	188393	165907
HG03028	144136	118722	64028	4102337	189311	166828
HG03039	143783	118225	63900	4091305	189620	166228
HG03040	141304	117461	63880	4076583	188546	165794
HG03045	140860	116964	63653	4059013	187946	165092
HG03046	140679	117366	63561	4054640	187516	165508
HG03048	142974	118191	64127	4074295	188508	165698
HG03049	141521	117875	63562	4065823	188606	165253
HG03052	144451	118646	63965	4142385	191670	168514
HG03054	140402	115395	63177	4120514	190295	167452
HG03055	139754	117640	62402	4135032	190630	167510
HG03057	142468	117923	63810	4117582	190449	167274
HG03058	143585	119169	64067	4129190	191361	167508
HG03060	140204	115248	63050	4126525	190206	167409
HG03061	135109	114804	61852	4087177	188714	166405
HG03063	140023	116298	63458	4115243	190774	167332
HG03064	138722	114748	62693	4108359	189555	166785
HG03066	139991	117990	62864	4138425	190914	167962
HG03069	137547	116446	62133	4126888	190500	167056
HG03072	137985	116848	62426	4133137	190636	167503
HG03073	139893	115355	63434	4110414	189669	166695
HG03074	139500	115425	63138	4111037	190150	166960
HG03077	139441	115393	63301	4125842	189538	167126
HG03078	143817	118251	63910	4127755	191390	167881
HG03079	139356	115028	63069	4111729	189549	167367
HG03081	139008	117496	62203	4121902	190597	167218
HG03082	140100	116284	63338	4111572	190033	167223
HG03084	143622	118163	64008	4126267	190456	167822
HG03085	144003	118247	64151	4134146	191720	168359
HG03086	139139	115192	63105	4110235	189677	166850
HG03088	135919	116217	62700	4072058	187950	165681
HG03091	138192	114716	63028	4116195	189693	166632
HG03095	141119	116257	63595	4124540	190501	167009
HG03096	144145	118538	64197	4144040	192035	168556
HG03097	145102	118993	64552	4135883	192178	168466
HG03099	142356	118297	63872	4086384	189103	166111
HG03100	142185	117779	63711	4071657	188454	165826
HG03103	137351	114029	62586	4041264	187010	163919
HG03105	138690	114696	62824	4086018	188263	165791
HG03108	141265	117761	64015	4095872	190020	166887
HG03109	142109	118124	64065	4087622	189409	166378
HG03111	137404	114384	62674	4069219	187716	165635
HG03112	139759	115303	63381	4077283	188297	165750
HG03114	141316	116828	63547	4071977	189047	165877
HG03115	142306	118466	63796	4084260	189366	165882
HG03117	139721	117658	62512	4098367	189177	166583
HG03118	136978	116138	62349	4068429	187916	165157
HG03120	142752	117990	63779	4096487	190089	167016
HG03121	141382	117427	63432	4077819	189066	165868
HG03123	143635	118538	64201	4104394	190219	166973
HG03124	143100	117917	63815	4092409	189688	166804
HG03126	137477	114402	63238	4083546	188576	166213
HG03127	140391	115295	63182	4091236	189019	166141
HG03129	137350	115918	61787	4053028	187099	164874
HG03130	134774	115027	61812	4059690	186853	165247
HG03132	142014	117663	63806	4080501	188581	166035
HG03133	143032	118371	63872	4077178	189018	165811
HG03135	142556	117836	63692	4082059	189585	166254
HG03136	142526	117648	63575	4082046	188981	166113
HG03139	137488	114376	62905	4074400	187856	165345
HG03157	137489	114438	63097	4073194	187967	165070
HG03159	136625	115828	62437	4085536	188622	165515
HG03160	135339	114915	61956	4069085	187097	165425
HG03162	137486	116377	62274	4071179	187597	165333
HG03163	135774	115546	61776	4041678	186738	164303
HG03166	138534	114270	63284	4070288	188177	165643
HG03168	138683	117360	62092	4067145	188067	165321
HG03169	135210	114492	61904	4049919	186922	164037
HG03171	138095	117233	62072	4073364	188445	165230
HG03172	137959	116563	62188	4077298	188105	165506
HG03175	139054	115413	63176	4093839	188977	166022
HG03189	137811	114834	62904	4086556	188484	165963
HG03190	137011	114186	62518	4051152	186856	164738
HG03193	137808	114627	63137	4096408	188739	166148
HG03195	138083	116867	62274	4086631	188696	165580
HG03196	138423	117343	62260	4075211	187629	166020
HG03198	136756	116168	62062	4073580	187841	165486
HG03199	133875	114315	61687	4057984	186926	165163
HG03202	139095	114546	62798	4081752	188590	166378
HG03209	137095	115820	62351	4113840	189670	166624
HG03212	139163	117484	62207	4108476	189370	166508
HG03224	139432	115441	62924	4120059	189739	167317
HG03225	137544	114266	63047	4109590	189447	167391
HG03228	117826	108189	60705	3377921	155341	139934
HG03229	116557	107772	60409	3366639	154927	139163
HG03234	116548	110147	60254	3405665	156405	140414
HG03235	115607	109707	60179	3410523	157051	140612
HG03237	116213	107053	60065	3373247	155371	139920
HG03238	117393	107534	60986	3399340	156855	140678
HG03240	137331	116152	62210	4064068	187498	165436
HG03241	138831	117216	62431	4104235	189535	166793
HG03246	136118	116499	61984	4060774	188283	165658
HG03247	135758	116077	62213	4070609	187779	165623
HG03258	140707	117688	63284	4062584	187591	165558
HG03259	135568	113174	61572	3889241	179142	159363
HG03265	137738	114891	63341	4066298	187363	165242
HG03267	138183	116724	62251	4092218	188830	165541
