TR_SNP	TR_DEL	TR_INS	NON_TR_SNP	NON_TR_DEL	NON_TR_INS
NA12890	119002	107031	60243	3349547	154147	138812
NA18486	137415	115543	62310	4063424	187930	164678
NA18488	140646	116411	63402	4087491	188397	165699
NA18489	143662	118356	63982	4086837	190202	166341
NA18499	141411	117490	63656	4080386	190582	166084
NA18501	142624	115322	63240	4086104	188854	165916
NA18502	138305	117676	62648	4070952	188870	165744
NA18504	141656	116718	63419	4076162	188519	165938
NA18505	140383	117689	62913	4083532	188763	165996
NA18507	132236	113872	61919	4056013	188063	164522
NA18508	138667	117554	63057	4100894	189670	166403
NA18510	142640	117505	63588	4075033	188388	165692
NA18511	138254	117356	63016	4085409	188682	165897
NA18516	135257	115091	62188	4053047	191115	164851
NA18517	138740	117526	62800	4055442	187060	165149
NA18519	143545	118073	63743	4084838	189623	165982
NA18520	136567	116402	62343	4051867	189308	164690
NA18522	133742	114333	61864	4052156	186618	164772
NA18523	140100	117893	63086	4069946	187879	165456
NA18525	116284	106166	60159	3330249	153872	138230
NA18526	115946	106071	60394	3341399	153552	138835
NA18527	98285	97898	56920	3125027	140260	130083
NA18528	119798	107126	60175	3341114	154286	138611
NA18530	113063	105813	59690	3310612	153238	137470
NA18531	119003	107178	60634	3335546	153979	138501
NA18532	117671	106940	60320	3333224	153326	138180
NA18533	116643	107348	60430	3344339	153970	138302
NA18534	112201	105614	59902	3315635	152590	137542
NA18535	115756	106639	59857	3316913	154597	137436
NA18536	116274	106268	60297	3316293	152737	137447
NA18537	110996	104596	59858	3302967	151355	137452
NA18538	117314	106952	60126	3329089	153226	138418
NA18539	114301	106147	59741	3319583	152775	138273
NA18541	116284	104859	59964	3318958	152514	137824
NA18542	117156	106506	60396	3338367	153698	138280
NA18543	117595	107132	60678	3341361	153575	138449
NA18544	115475	106280	60099	3325190	152422	137917
NA18545	113346	105027	59839	3321001	152706	137955
NA18546	116864	106639	60512	3340868	153739	138529
NA18547	115102	105377	60022	3341029	153359	138748
NA18548	114842	105762	60416	3342499	153781	139037
NA18549	116411	106729	60155	3342735	153618	138481
NA18550	115880	106714	60200	3340729	153855	138579
NA18552	113904	105007	60133	3326021	153171	137749
NA18553	120068	107807	60462	3365212	154242	139220
NA18555	113324	105209	59860	3323953	152650	137957
NA18557	116050	106147	59880	3313179	152834	137769
NA18558	115436	106205	59932	3322044	152883	137890
NA18559	115449	106744	60116	3329472	153617	138503
NA18560	116957	107626	60024	3339664	154462	138585
NA18561	114191	105688	60131	3334118	153591	138184
NA18562	113733	105527	59860	3332794	153307	138199
NA18563	116476	106800	60485	3345455	153686	138637
NA18564	116975	106993	60758	3351550	154233	138525
NA18565	116005	108832	59832	3327078	156139	137808
NA18566	115389	106078	60079	3325300	153044	137712
NA18567	116729	106633	59635	3331793	152976	137772
NA18570	116486	106686	60230	3341139	153340	138453
NA18571	114963	106190	60066	3326423	152727	137537
NA18572	113413	106658	59965	3308252	152072	137543
NA18573	115794	105709	60231	3345108	153521	138400
NA18574	114728	106601	59567	3313532	152957	137441
NA18576	103985	101033	58747	3225599	146799	134714
NA18577	117842	107705	60306	3336577	153223	138192
NA18579	117820	107300	60454	3343019	153412	138230
NA18582	116419	106628	60134	3340680	153974	138401
NA18591	111653	105575	59865	3305650	151566	137011
NA18592	114193	105141	59774	3304750	151865	136958
NA18593	115260	106099	60414	3330459	153598	137913
NA18595	117060	106475	60204	3318447	152590	137659
NA18596	115738	106681	60139	3320822	152775	137798
NA18597	118153	107245	60827	3347601	154040	138886
NA18599	117689	107026	60656	3352820	154389	139199
NA18602	112724	106678	60001	3313426	153775	137607
NA18603	118259	106966	60256	3346537	154030	138926
NA18605	117667	106962	60603	3346698	154028	138432
NA18606	116040	106029	59468	3285819	151649	136803
NA18608	117048	106207	60123	3326412	153145	137822
NA18609	111170	105173	59668	3294489	151071	137147
NA18610	114892	106599	60309	3331810	153628	137971
NA18611	113485	106491	60022	3321090	152422	137761
NA18612	116878	107052	60445	3338663	154128	138395
NA18613	112135	105707	59895	3294478	151833	137356
NA18614	118445	108677	60329	3330802	153764	138156
NA18615	116083	108673	59742	3318692	153137	137972
NA18616	117670	109765	59972	3321320	153528	137233
NA18617	116876	109811	59967	3335531	153459	138285
NA18618	111967	104863	59793	3318250	152862	137922
NA18619	112278	106023	59395	3303250	152623	137506
NA18620	114482	106416	60073	3324554	152846	138370
NA18621	117061	107385	60535	3342776	153790	138915
NA18622	117872	107436	60248	3329795	153219	138005
NA18623	119541	107745	60870	3352538	154748	139162
NA18624	116640	106469	60318	3344857	153761	139042
NA18625	115950	108906	60254	3313656	152625	137561
NA18626	120022	109853	60134	3344405	154312	138534
NA18627	118204	108941	59918	3320358	153416	137694
NA18628	118295	109899	60101	3340869	154570	138354
NA18629	111695	105606	59784	3336204	153437	138153
NA18630	112139	106510	59236	3302339	153139	137220
NA18631	116801	109206	59784	3320318	153028	137779
NA18632	117070	106727	60488	3337145	153924	138453
NA18633	118004	106582	60492	3349210	153742	138842
NA18634	117844	107643	59998	3328688	153682	137869
NA18635	115867	106251	60294	3332952	153154	138078
NA18636	119037	107642	60850	3362841	154938	139423
NA18637	117604	106896	60652	3356656	154524	138844
NA18638	118070	107601	60586	3339258	153948	138425
NA18639	112078	104165	59692	3308661	152115	137651
NA18640	114928	105985	59839	3329780	153382	137543
NA18641	115929	106337	60258	3340250	153716	138841
NA18642	112313	104483	59777	3330447	152770	137869
NA18643	112675	104120	59730	3314560	152372	137181
NA18644	110892	104993	59585	3318410	152308	137404
NA18645	112671	104726	59669	3313401	151998	137494
NA18646	112133	105856	60139	3321637	152368	137437
NA18647	115676	106048	60420	3348606	154194	138557
NA18648	110601	105554	59940	3322611	152168	137441
NA18740	115946	106423	60324	3345978	153897	138745
NA18745	112713	104759	59934	3331281	152956	138160
NA18747	114349	105593	60118	3330103	153171	137901
NA18748	113367	105645	60198	3326888	152949	137961
NA18749	115961	105746	60128	3330519	153188	138101
NA18757	113962	104754	59906	3323753	152363	137832
NA18791	111746	106083	59785	3327736	152517	137796
NA18853	134726	114938	62081	4065705	189937	165263
NA18856	131717	112165	62005	4033858	184979	164204
NA18858	139335	117480	62864	4077680	188474	165264
NA18861	140347	118407	63263	4095191	188791	166680
NA18864	140614	115444	63328	4093032	188180	165975
NA18865	138427	114394	62970	4072622	188085	165505
NA18867	143254	116653	63071	4066570	188813	164969
NA18868	143971	119671	63133	4090926	191123	166367
NA18870	143307	115882	63192	4104201	189800	166458
NA18871	136990	115778	62224	4070079	188977	165319
NA18873	140904	116893	62481	4081314	189817	165617
NA18874	139736	116788	62414	4075743	190770	165583
NA18876	138205	114407	62746	4067520	187293	165545
NA18877	139569	114763	63048	4080539	187774	165632
NA18878	140153	114758	62863	4075386	188191	165797
NA18879	139232	114942	62953	4098464	189305	166089
NA18881	143685	117182	62914	4078397	188548	165937
NA18907	140216	117995	63355	4090106	189411	166274
NA18908	139898	116526	62262	4071996	189465	165524
NA18909	139371	117408	63077	4068501	188269	165359
NA18910	138773	116276	62539	4075310	189302	165538
NA18912	141181	115951	63459	4078977	188742	165714
NA18915	143196	116226	62885	4075853	188908	165819
NA18916	141468	118578	63409	4092432	189027	166548
NA18917	137643	115776	62820	4084517	188392	165756
NA18923	139575	115020	63272	4080273	188456	166174
NA18924	138761	115122	62845	4066887	187046	165318
NA18933	138815	115538	62929	4067749	187767	164997
NA18934	137653	115091	62677	4071318	187543	165258
NA18939	117294	106000	60270	3332615	153638	138123
NA18940	117805	110719	60395	3339829	153774	138484
NA18941	118532	110708	60327	3330867	154431	138983
NA18942	118011	110743	60478	3340899	154826	138811
NA18943	116703	110162	60354	3332539	153677	138351
NA18944	116566	109857	60243	3318711	153196	137833
NA18945	117605	110537	60019	3322698	153799	137718
NA18946	116791	107004	60537	3345436	154213	138577
NA18947	117070	109922	60374	3334221	153392	138422
NA18948	116489	109795	60164	3314719	153130	137877
NA18949	116246	109544	60164	3308341	152155	137180
NA18950	118765	112281	59989	3347602	158819	138560
NA18951	116838	109863	60471	3342676	153633	138792
NA18952	117560	110735	60331	3320663	153172	137476
NA18953	112314	106586	59329	3299470	153322	137028
NA18954	111299	104188	59932	3324838	153014	138034
NA18955	116153	106385	60360	3358270	154588	138881
NA18956	116709	109818	60260	3329208	153624	138268
NA18957	113618	105066	60041	3335910	153351	138604
NA18959	120465	109558	60939	3348827	155350	139021
NA18960	106139	102410	59200	3262396	148917	136313
NA18961	111914	107297	59711	3307517	154019	137163
NA18962	113484	105177	59939	3331874	152413	137962
NA18963	118474	110419	60131	3339869	153865	138017
NA18964	112600	106525	59535	3311295	154336	137588
NA18965	115926	109610	60172	3333966	153624	138015
NA18966	120486	107525	60907	3347499	154493	138651
NA18967	113293	106827	59876	3322473	152837	137708
NA18968	121777	108101	60683	3338386	154469	138717
NA18969	113505	105234	59930	3292204	151010	136851
NA18970	117429	106987	60186	3327252	152809	137996
NA18971	120851	108138	60779	3338675	154039	138447
NA18972	112671	106490	59942	3325592	152638	137464
NA18973	117031	109887	60071	3333409	153790	138091
NA18974	122661	108192	60778	3337365	154497	138719
NA18975	121850	108305	60693	3346131	154184	138540
NA18976	121621	108733	60903	3348932	154365	138454
NA18977	114230	108385	59731	3337238	154816	138435
NA18978	120096	107283	60435	3342555	154202	138894
NA18979	117277	106596	60313	3343796	153799	138776
NA18980	118988	110838	60229	3334123	154558	138663
NA18981	119226	108324	60622	3333199	154097	138206
NA18982	116082	109296	59603	3329354	154717	138097
NA18983	116746	109038	60045	3341878	154212	138556
NA18984	115310	108643	59260	3291521	154557	136805
NA18985	115542	107999	59798	3320142	154367	137461
NA18986	120353	110698	60238	3351541	155405	138848
NA18987	113943	108171	59223	3273753	150945	135853
NA18988	121117	112987	60179	3338112	157434	138509
NA18989	119375	113149	59969	3340605	159629	138308
NA18990	114461	108200	59787	3325098	153583	138188
NA18991	117466	108807	59804	3330081	153445	138048
NA18992	110172	102571	58804	3254981	149449	135207
NA18993	114779	104856	59776	3329396	152689	138145
NA18994	111289	103933	59545	3305814	152012	137063
NA18995	112660	104946	59727	3312847	152829	137665
NA18997	115145	105881	59922	3321768	153216	137686
NA18998	117268	106998	60400	3356758	154620	139286
NA18999	115614	108332	59778	3320354	155038	137510
NA19000	116973	110086	60203	3348206	155360	138942
NA19001	117015	106625	60386	3354066	154461	138950
NA19002	113705	108420	59755	3314946	154276	137746
NA19003	114003	107233	59384	3309386	153912	137564
NA19004	117919	109158	60205	3329116	155270	138178
NA19005	113817	110804	59850	3348054	155100	138718
NA19006	115368	106690	60013	3332629	153351	138502
NA19007	116115	109965	59652	3323905	159622	137971
NA19009	114882	110946	59913	3323699	158456	138155
NA19010	116826	109861	60143	3327162	153623	137794
NA19011	117331	107228	60507	3351525	153878	139143
NA19012	112767	106076	58696	3238172	150215	135275
NA19017	144759	118054	63575	4100647	190179	166303
NA19019	142943	118034	63695	4080094	188730	165976
NA19020	137459	114868	62955	4097308	188563	165991
NA19023	145018	118639	63886	4094795	189777	166736
NA19024	145322	118729	64069	4095162	188984	166725
NA19025	138822	114694	63123	4071282	187452	165267
NA19026	142638	118146	64025	4086510	188474	166223
NA19027	137324	113789	62767	4049470	186472	164116
NA19028	138068	114296	62884	4080341	187613	165368
NA19030	142221	117345	63684	4075177	188441	166274
NA19031	137895	114516	62830	4082767	187658	165496
NA19035	137290	114337	62677	4074945	187230	165577
NA19036	136677	113042	62877	4095275	188260	165970
NA19037	138234	114706	62952	4078788	188013	165579
NA19038	139285	114307	63045	4076073	187930	165022
NA19041	139278	114544	62823	4084004	187499	165436
NA19042	138876	114787	63425	4078821	187397	165426
NA19043	142518	117883	63844	4077443	188649	165812
NA19044	114930	104381	59015	3688206	164932	151664
NA19054	117595	109859	59961	3331050	154342	138027
NA19055	116002	108151	59874	3329429	154875	138010
NA19056	114523	107981	59623	3316143	155581	137488
NA19057	116149	108399	60018	3327098	156434	138512
NA19058	115489	108154	59497	3320876	154232	137809
NA19059	116961	108991	59689	3317442	155249	137625
NA19060	116182	108692	59691	3326941	157216	137962
NA19062	116834	110662	60243	3333531	159726	138669
NA19063	117635	109270	60108	3331820	155929	137909
NA19064	116853	108611	59837	3329026	154331	138134
